0.22123893805309736
0.37373737373737376
0.23577235772357724
0.23387096774193547
0.2755102040816326
0.27450980392156865
0.26506024096385544
0.2619047619047619
0.3469387755102041
0.3157894736842105
0.3125
0.30927835051546393
0.40425531914893614
0.3971631205673759
0.5072463768115942
0.40875912408759124
0.36893203883495146
0.37254901960784315
0.39805825242718446
0.29365079365079366
0.38095238095238093
0.296
0.3736654804270463
0.3968253968253968
0.2727272727272727
0.26506024096385544
0.13793103448275862
0.13636363636363635
0.21428571428571427
0.2978723404255319
0.40425531914893614
0.40425531914893614
