0.3
0.15
0.08333333333333333
0.2727272727272727
0.1724137931034483
0.21428571428571427
0.3157894736842105
0.3333333333333333
0.30434782608695654
0.43478260869565216
0.25
0.2692307692307692
0.2727272727272727
0.2222222222222222
0.4375
0.2857142857142857
0.06060606060606061
0.21428571428571427
0.45
0.36363636363636365
0.2222222222222222
0.10526315789473684
0.2857142857142857
0.47058823529411764
0.07142857142857142
0.07142857142857142
0.2631578947368421
0.21428571428571427
0.2608695652173913
0.32432432432432434
0.6111111111111112
0.7142857142857143
0.25
0.2222222222222222
0.16666666666666666
0.38095238095238093
0.5333333333333333
0.38461538461538464
0.4827586206896552
0.3157894736842105
0.43478260869565216
0.36666666666666664
0.25806451612903225
0.36666666666666664
0.11764705882352941
0.23529411764705882
0.3
0.05555555555555555
0.2727272727272727
0.21428571428571427
0.0
0.15
0.14285714285714285
0.3157894736842105
