0.34782608695652173
0.3488372093023256
0.1956521739130435
0.2682926829268293
0.35106382978723405
0.3358208955223881
0.375
0.19402985074626866
0.3235294117647059
0.24369747899159663
0.5060240963855421
0.3230769230769231
0.2236842105263158
0.37209302325581395
0.2857142857142857
0.36787564766839376
0.43333333333333335
0.43859649122807015
0.40425531914893614
0.13636363636363635
0.296
0.38095238095238093
0.20754716981132076
0.2702702702702703
0.4036144578313253
0.45528455284552843
0.328125
0.3564954682779456
0.37662337662337664
0.24786324786324787
0.2777777777777778
0.3695652173913043
0.3181818181818182
0.3018867924528302
0.3548387096774194
0.40789473684210525
0.14166666666666666
0.4319526627218935
0.2789115646258503
0.41836734693877553
0.36082474226804123
0.13675213675213677
0.2702702702702703
0.125
0.3673469387755102
0.3472222222222222
0.18181818181818182
0.35074626865671643
0.4482758620689655
0.4049079754601227
0.24705882352941178
0.36507936507936506
0.22406639004149378
0.3088235294117647
0.14285714285714285
0.29545454545454547
0.3888888888888889
0.36890243902439024
0.41346153846153844
0.4772727272727273
0.37254901960784315
0.3103448275862069
0.3625
0.2441860465116279
0.35
0.3235294117647059
0.2631578947368421
0.2608695652173913
0.21518987341772153
0.27835051546391754
0.34615384615384615
0.13445378151260504
0.3026315789473684
0.2987012987012987
0.32786885245901637
0.49295774647887325
0.4722222222222222
0.36470588235294116
0.35555555555555557
0.43956043956043955
0.3812154696132597
0.2440944881889764
0.5151515151515151
0.45985401459854014
0.39622641509433965
0.3769230769230769
0.4074074074074074
0.3263157894736842
0.3333333333333333
0.2018348623853211
0.49230769230769234
0.4375
0.3125
0.30927835051546393
0.26506024096385544
0.2619047619047619
0.2608695652173913
0.2765957446808511
0.2647058823529412
0.37888198757763975
0.2755102040816326
0.27450980392156865
0.14655172413793102
0.17142857142857143
0.3510204081632653
0.35353535353535354
0.26842105263157895
0.2653061224489796
0.20903954802259886
0.1509433962264151
0.3869047619047619
0.3829787234042553
0.2549019607843137
0.18562874251497005
0.3858267716535433
0.19696969696969696
0.37962962962962965
0.4262295081967213
0.24705882352941178
0.36507936507936506
0.46601941747572817
0.33093525179856115
0.47058823529411764
0.30612244897959184
0.32558139534883723
0.23931623931623933
0.24719101123595505
0.3953488372093023
0.375
0.38
0.41346153846153844
0.32456140350877194
0.36893203883495146
0.37254901960784315
