0.2537313432835821
0.45263157894736844
0.20994475138121546
0.12244897959183673
0.3448275862068966
0.3522727272727273
0.3684210526315789
0.38235294117647056
0.3230769230769231
0.36134453781512604
0.34146341463414637
0.2109375
0.3684210526315789
0.3824884792626728
0.3684210526315789
0.19402985074626866
0.32786885245901637
0.49295774647887325
0.20754716981132076
0.2702702702702703
0.37058823529411766
0.45897435897435895
0.23404255319148937
0.15079365079365079
0.3838383838383838
0.3854166666666667
0.34265734265734266
0.4148148148148148
