0.23333333333333334
0.09090909090909091
0.2222222222222222
0.21052631578947367
0.17647058823529413
0.17307692307692307
0.18518518518518517
0.08695652173913043
0.1
0.30434782608695654
0.13725490196078433
0.12
0.2682926829268293
0.27906976744186046
0.2727272727272727
0.2962962962962963
0.34146341463414637
0.34146341463414637
0.4444444444444444
0.28
0.44
0.2857142857142857
0.2231404958677686
0.2558139534883721
0.26666666666666666
0.17391304347826086
0.05405405405405406
0.05405405405405406
0.0967741935483871
0.2727272727272727
0.30303030303030304
0.30303030303030304
