0.35106382978723405
0.3358208955223881
0.1956521739130435
0.2682926829268293
0.34782608695652173
0.3488372093023256
0.43333333333333335
0.43859649122807015
0.3548387096774194
0.40789473684210525
0.2777777777777778
0.3695652173913043
0.3181818181818182
0.3018867924528302
0.3673469387755102
0.3472222222222222
0.14285714285714285
0.29545454545454547
0.4482758620689655
0.4049079754601227
0.37254901960784315
0.3103448275862069
0.41346153846153844
0.4772727272727273
0.3026315789473684
0.2987012987012987
0.4074074074074074
0.3263157894736842
0.35555555555555557
0.43956043956043955
0.32786885245901637
0.49295774647887325
0.4722222222222222
0.36470588235294116
0.2647058823529412
0.37888198757763975
0.49230769230769234
0.4375
0.46601941747572817
0.33093525179856115
0.37962962962962965
0.4262295081967213
0.24705882352941178
0.36507936507936506
0.3858267716535433
0.19696969696969696
0.47058823529411764
0.30612244897959184
0.375
0.38
0.24719101123595505
0.3953488372093023
0.41346153846153844
0.32456140350877194
