0.1111111111111111
0.03125
0.391304347826087
0.38461538461538464
0.35714285714285715
0.3888888888888889
0.22727272727272727
0.16129032258064516
0.16279069767441862
0.1951219512195122
0.21739130434782608
0.2222222222222222
0.2962962962962963
0.3333333333333333
0.19230769230769232
0.15
0.17647058823529413
0.17307692307692307
0.14285714285714285
0.125
0.18518518518518517
0.08695652173913043
0.13725490196078433
0.12
0.06818181818181818
0.14285714285714285
0.3541666666666667
0.4117647058823529
0.34146341463414637
0.34146341463414637
0.3125
0.08823529411764706
0.2857142857142857
0.44
0.2777777777777778
0.0625
0.2247191011235955
0.3614457831325301
0.17857142857142858
0.17647058823529413
0.18181818181818182
0.16
0.14705882352941177
0.1
0.23529411764705882
0.3157894736842105
0.25
0.09375
0.3142857142857143
0.4411764705882353
0.0967741935483871
0.3076923076923077
0.5555555555555556
0.32142857142857145
0.21875
0.325
0.2558139534883721
0.20930232558139536
0.10714285714285714
0.20454545454545456
0.2692307692307692
0.38235294117647056
0.21621621621621623
0.2
0.25806451612903225
0.36666666666666664
0.25
0.2564102564102564
0.3333333333333333
0.07692307692307693
0.2222222222222222
0.08108108108108109
0.14285714285714285
0.13793103448275862
0.25806451612903225
0.10810810810810811
0.25
0.34782608695652173
0.36
0.3
