0.4543677895536171
0.5056465761871014
0.3998780268017016
0.6326514291445293
0.7366017938793284
0.725408260015522
0.5564787468175578
0.7332391997296394
0.5481191911591755
0.5450237552422402
0.4763222573054902
0.7100477711397633
0.7712838393648649
0.8204132420783105
0.8414900595369791
0.8827344114319445
0.798757449374441
0.727153790723002
0.731379582185501
0.7096739207189986
0.37586585127233735
0.4305798280013442
0.5101486442997046
0.5848086593853143
0.5538300951213454
0.593833896223089
0.5931142488322865
0.7952940644969239
0.5447321006964828
0.3338960715725586
0.7204827332078287
0.7073714363202941
0.8461766956361615
0.932966667799654
0.4707557309606421
0.5717189569110075
0.734522169094633
0.4479559899093719
0.6603620484353694
0.6802090112072245
0.7011217154543741
0.6687107247330757
0.8641144471389259
0.7897862652837583
0.41240191300564477
0.5948024380759636
0.4871583502781425
0.5783804256685529
0.6997668396813246
0.5456827111838425
0.8243850588753654
0.8957528126014702
0.7357013032548724
0.3875458282850657
0.7768652368292308
0.7456738468577419
0.5619027278324938
0.5331871053583611
0.7217957849791449
0.7027235191861329
0.5664650474941845
0.5091770981667926
0.7355290779279962
0.5095331780539133
0.5467997863236717
0.701677265443946
0.526045354976123
0.5235823650383525
0.5666564039158578
0.8614756981483954
0.6821684090974287
0.47139017967079183
0.7885634140122076
0.7061786725300094
0.5762956043986497
0.6014213050762486
0.599131558451977
0.437808120081178
0.3721361492289461
0.7904140702555339
0.6679864474982269
0.6645323118549331
0.4339755689052331
0.8282181780780878
0.4208883768337251
0.504608315322056
0.7470524760998039
0.5464234407826568
0.8113931707948514
0.6469522955408126
0.7929723701639126
0.6403999020458648
0.47060660830661916
0.7959372968459135
0.7560147526380903
0.5241073152569985
0.770191048648913
0.6089605839967386
0.671045243725141
0.5077321766732447
0.42565586758071083
0.714950712019634
0.624712506483746
0.3975150215961321
0.6118475519788684
0.6040171638411898
0.684126286512346
0.557896393749335
0.5703810090786128
0.4209916456963491
0.5043639373832166
0.6285537345890073
0.8876949780644298
0.5227859962387881
0.6711743942146273
0.5398032461741934
0.7709004307499037
0.6178598306570734
0.6953700135131714
0.529392106193265
0.7085642977291333
0.654635005584011
0.7446057474122549
0.5726442774833753
0.7698424559828144
0.5632359544120185
0.8836442294288247
0.8669870747576846
0.5757048088860128
0.7977446861818794
0.5362544132790181
0.4255014847594906
0.7261372812844485
0.367917749295994
0.4810875960539508
0.7267792487757427
0.799886871138474
0.7723628639380039
0.4645942187896521
0.8248678930292799
0.8286454792693267
0.6557869507426503
0.45264246365759636
0.5773536517863677
0.826563221745965
0.5025755719266327
0.7438507966650779
0.6605969416036445
0.9031324689783141
0.8078821385737545
0.4376948205844059
0.5789896325258593
0.6657118544816291
0.6309307787687379
0.834752839350743
0.6515254115266524
0.45795023471021296
0.6785674000909281
0.7439084269818348
0.838248094840182
0.44682538671620325
0.7976911910024388
0.7119449677519611
0.5988605499091059
0.7101375833770276
0.8571632188175015
0.6753761409430618
0.6388982730271392
0.6523505344022763
0.7930060838083651
0.5053331911039307
0.5490359683989962
0.4952833175076115
0.681518323253812
0.5959182397104984
0.6615717231957372
0.36456493807575824
0.35660687138990166
0.5321455584826149
0.6182489960774809
0.7177265393912429
0.523327110145984
0.6461945263842606
0.749927738495905
0.5088407512624314
0.6389573831384189
0.4531686687341657
0.4777843230590107
0.5882521295495897
0.611708879244951
0.7090256995428014
0.598558168007384
0.4729361508112849
0.5231901171919026
0.4133514608823793
0.6752959384644992
0.5976281808071339
0.8818579509872329
0.6659016541584555
0.6654262532103915
0.8119476022148536
0.524915298884109
0.8129978442073018
0.46476234652253495
0.5660803952191729
0.8802812283442351
0.6453064448420671
0.595873463842339
0.7636045301867701
0.7321623209832122
0.7766104927557436
0.47588971024209203
0.8701903086043966
0.9373517751969561
0.868687582992325
0.6349395348930643
0.5750929662861383
0.7532007156900667
0.6594514618406697
0.923146067343543
0.9350408060428563
0.9010634866711733
0.7539760208021641
0.385961827619185
0.5608763880930993
0.5145689052979058
0.5117731309631524
0.5461319465546478
0.5414084417458438
0.45261229419240556
0.7640449385061525
0.4415689632732367
0.47657992514415776
0.7534291003333524
0.7126956087114087
0.47311004221924613
0.5955761606407911
0.6162950459841848
0.7978123107224766
0.7515277767008421
0.8131845877308921
0.659389063482913
0.7329264296065181
0.38735854157598926
0.6070912385783082
0.6387921003400805
0.7601064100674692
0.8356944865868322
0.9033496734519559
0.7375309702819348
0.9213020749512132
0.7651305668612108
0.5227376307629382
0.8650900723093233
0.8553014288494103
0.8525773717286679
0.8667355145022926
0.7291695984518582
0.6925167293035269
0.6485002356955504
0.469314889515306
0.6793806989136932
0.7703704098603135
0.665150073205139
0.4563631947504194
0.7976450877879939
0.5632626825418366
0.6119489864006129
0.4963152697613872
0.43627910566134154
0.606951874248754
0.5474020044675092
0.4422057540427831
0.6971871891736692
0.7050715198760191
0.860485566335349
0.8052531649940584
0.8516677713297159
0.8465961198953491
0.8694353190043994
0.849936320101943
0.8519737966192107
0.5603348781354245
0.4887502611023265
0.685893571521052
0.7921454372897088
0.5680064894926901
0.7037481820962453
0.5779961814785116
0.6449986950458779
0.4598203063350496
0.5028679152274995
0.7327351090296702
0.5472127382608741
0.7542806848203082
0.6574061183218586
0.5355335204013414
0.5759044294851506
0.4425724219963311
0.42763097725567856
0.8134039507245812
0.8486724107731659
0.79295727265889
0.8604933733645936
0.6620504435807075
0.4630000194721047
0.6192628793679289
0.5886564749753781
0.4736959715336405
0.5155443963310183
0.7570763589413858
0.3448210065824571
0.44036735180871733
0.8484578045648432
0.7790095172909918
0.6893657698577281
0.43840041738208907
0.5639463578188273
0.6568221269804876
0.8842959525273979
0.4313065582311902
0.42391534390651775
0.5158018593178434
0.8136576260218583
0.7375903213625565
0.6332981365072744
0.4236408942217577
0.7252231809206018
0.9023955080126767
0.8154407435130221
0.7009645829383798
0.724848519041499
0.7294601974742069
0.7298825539386357
0.6614265716296805
0.5698411920242389
0.6362770819966277
0.44853666377745177
0.6992513992727641
0.6415997084699436
0.6052171077319545
0.42206093416307844
0.3891212800008111
0.464239404148479
0.5726363251796232
0.7814054737346402
0.8047488929693029
0.8704504949010323
0.8584655957453189
0.6488102124152947
0.6234577379644111
0.5020152811461359
0.6156928280686108
0.576819206286821
0.45743158894775704
0.5232265223494984
0.7661119804963189
0.3683778216896385
0.44543008422406305
0.8518569420650802
0.7894935409251944
0.6710073023516683
0.4003686150735707
0.589075274959818
0.6392323403414754
0.884171867248808
0.4275506776055602
0.4338660126933814
0.527019623763964
0.8144862138836331
0.730431805879346
0.6456499684297976
0.4180855287591768
0.7408976028367537
0.9082956954830177
0.8212503863752266
0.6996672835327249
0.71934113647828
0.7415612598269646
0.7227155851672897
0.6488772159961056
0.6531597088219164
0.45428259353276906
0.701961409403362
0.5109898178795014
0.7004792355287052
0.567547458766355
0.45117388246291024
0.3906801652011981
0.47063542588226404
0.5740041344475282
0.721731394184875
0.8141487225648988
0.8732540150676583
0.8676245791072089
0.6369839342620456
0.6491519035382074
0.670153770514867
0.5161356371152428
0.6142106604930061
0.38219773868853746
0.45791210404976945
0.691934679007561
0.594917852224998
0.582865638878437
0.856482289588366
0.5344803975812914
0.5700658866615697
0.700544402765459
0.716553133023836
0.8130479701004724
0.6361286453048589
0.8112796734180239
0.7564408460978811
0.6169665245198868
0.6413711692084689
0.36531305774086015
0.5150713307068849
0.6038066899186669
0.6414097712109711
0.5460343429812917
0.894617634016656
0.9213953865699422
0.728969524443547
0.9311049901196844
0.7511514565887468
0.5679165453396564
0.6244829736659867
0.7580493415852048
0.6970219534411232
0.5602647504742231
0.7889522994788721
0.6346218875949419
0.85391153157528
0.6464265810536292
0.5570504508870662
0.8052999631224782
0.8007132286689486
0.6947340862487338
0.852354462560529
0.7813360363214683
0.6111221931566095
0.6951350598111325
0.4441373789590768
0.6177075206873034
0.5611063028098553
0.47510901913034576
0.6624012856510099
0.5111556453539984
0.6493950668320763
0.756906310123424
0.8022789542872655
0.5112838230753154
0.8073571949930245
0.7090544771435502
0.6286193890216749
0.5697073832505338
0.763382451277155
0.7436113913793748
0.4767416744723574
0.5785533161949576
0.4730591228849986
0.6506145745175514
0.663164124867576
0.6164851233441442
0.7952170407503623
0.5510912904842675
0.4494763402265638
0.6074986297617653
0.8395081106969934
0.5834853928248553
0.7506830118269578
0.6443045078404327
0.4238113801039125
0.6193528273658281
0.8093207770013254
0.45500796167579755
0.5039275766652832
0.4060931614244325
0.7055400923355312
0.7734529461358711
0.4742666458250874
0.44941796599175415
0.5456209276017524
0.4187952801685776
0.7902266362228577
0.6827948673511882
0.7803659437801597
0.7844749980030586
0.6708702267342489
0.6730289309979349
0.8276258434087578
0.7518508566539509
0.7219532498875062
0.4473283279050705
0.4645146330693132
0.6203078901411179
0.7554413933594316
0.8846888113687991
0.7045932613818786
0.8957374532050936
0.6733648248440577
0.631013479462439
0.5627067612902084
0.5687918671032547
0.393737369825619
0.5517877752510568
0.6862812649686731
0.7900026690744851
0.6617463838890251
0.780465015277773
0.6146571613536239
0.8312072744968706
0.5790014187913303
0.8213037839353683
0.8451537960487512
0.9184502066531943
0.8007165323162381
0.7292603160039217
0.8007426460328163
0.492340334989054
0.7901088696321754
0.723933459730861
0.5312592256525932
0.764621009093951
0.45919915567445024
0.5506092397466813
0.5758297308615555
0.6399038962039427
0.36220635250315825
0.5352316882828779
0.45116997441951145
0.44356281309717793
0.554268267637992
0.4543408024544075
0.5658751570782584
0.8720325178403112
0.6682345863898509
0.6822723836301599
0.7782456501234444
0.6293097277658543
0.6561550921357976
0.5673668328489192
0.3999754111611349
0.512078678573516
0.6112941593691141
0.46832327560416925
0.7710469907257982
0.6691570236976443
0.6632697872977485
0.6262451480285666
0.5478380935930885
0.48515282287111866
0.5506716066325293
0.7794188764816397
0.6424948861103281
0.48281775415123834
0.32221785651861745
0.618110215730527
0.6302006991805816
0.8852581927695812
0.6791665821633285
0.8496499955459874
0.5831403843260454
0.8286462088550712
0.615613020056646
0.4928038775503466
0.7170615189128584
0.6097989329301144
0.4347913305469302
0.6312824686322865
0.595232297208764
0.5808586341527598
0.6060502528591747
0.6571040973570458
0.5904086400701364
0.67487388689987
0.5298793717623327
0.8099748556468627
0.4676665978784483
0.6499226397977985
0.5887390435004584
0.5988559158115768
0.869698457873467
0.638764345187396
0.7005209507985036
0.800907224825499
0.653906902326005
0.6277132248519215
0.6432077646460188
0.5594882819243697
0.4989810130333034
0.4861406347319104
0.5739621538255824
0.383057754332631
0.532015798764903
0.6017652797079986
0.47158173917276197
0.7732210488211684
0.6544216017424229
0.654651463299398
0.6245489442093332
0.5612489463704096
0.4930876559822221
0.5324919899429025
0.8145764320719575
0.6394564905063482
0.6340414515153254
0.31516780165953434
0.35300600165570695
0.6252336049565448
0.5183192236294695
0.88979736459436
0.669386401068426
0.8625899390040396
0.5775037053217159
0.842571329608519
0.602815432973644
0.47957226880407444
0.7227078557913139
0.6069938408488144
0.40269226739275743
0.6210587607042084
0.586699288427798
0.5852303651071259
0.6195961781748515
0.6424377971014413
0.5890281694870779
0.6910243717727573
0.5317500361927594
0.8093294045821153
0.46015448161640016
0.6521933734583901
0.5759164445307771
0.6000625980031794
0.8678258022285507
0.6530221608363311
0.7090678432552642
0.8064172048965976
0.646248833948037
0.616883453697998
0.6422452260744913
0.5603296925320372
0.5140323934794089
0.5423744293386042
0.5173153743281651
0.7448253427177354
0.5511015946071607
0.6361967626388583
0.719261825577881
0.44774881356513085
0.5331282853332012
0.7111188525208791
0.7150291941137369
0.5848427874901223
0.6000657395934301
0.6256822445627822
0.4936355649904338
0.46758326734980005
0.5371633131623885
0.7493213491941393
0.5136778167642742
0.521156392770007
0.5961072152505767
0.7043363421175118
0.43590883491107424
0.5691881128502996
0.6878900005005738
0.7176332743145662
0.5814025623347235
0.6096847566138476
0.6251614737756038
0.5020412264338302
0.4668711142639905
0.5618383362208275
0.36186912632984347
0.5657559053918069
0.7915998124898135
0.7300121938336608
0.6158402930548315
0.5024526091255673
0.7015794880103157
0.7639269335153664
0.7865928025937144
0.7828695673981477
0.630241144966723
0.6350155102317877
0.4457463708670911
0.4443991119892012
0.5349060619411504
0.6756788589157046
0.6122632719027542
0.5522788485606861
0.6871600706188156
0.6057924996046861
0.5661967789254636
0.40596823746737787
0.7412243913886831
0.7921468890620305
0.9031988106200537
0.745477060395931
0.5462549390217135
0.584992967452288
0.5975448542732655
0.6984119257822039
0.4410002677226025
0.6719271101591263
0.5762871776540608
0.7763167193849101
0.8361927621397769
0.5207869885337973
0.7887280459163809
0.5862057817444571
0.6273809903228227
0.5263919989882414
0.7685449416665414
0.4086513984913407
0.5607877785566541
0.7039236947527403
0.6186670106404155
0.6725405721236521
0.5016396539967295
0.7198055970811111
0.5665062142614353
0.5066718731571331
0.3841700437086398
0.43648420755178974
0.5707952712600709
0.7653351838499346
0.7758846534241176
0.4517713969228433
0.3978115678679408
0.6851463082452922
0.5098405832285332
0.38904472007444735
0.46506127550093446
0.5804295165798127
0.7747764201502897
0.6677692580780492
0.7771376049398618
0.8400131625128827
0.6778148703924417
0.4900848799681271
0.7486931640174973
0.7321528037161951
0.6334547855927899
0.38158581609718656
0.4684559935636942
0.7561440708587724
0.8934493275725817
0.8646574545339182
0.8085004955244711
0.7696354593074913
0.8022374626061266
0.6323952412304966
0.5449808752109949
0.6805193528488891
0.5040874726163016
0.5837446882114135
0.6733950154628963
0.5547354422315182
0.7948489819746739
0.5653295284301448
0.8195894128746043
0.64046460329461
0.4580423675261822
0.7028893636622875
0.6758697697081573
0.5953342755977237
0.6685644355964552
0.43061793412707455
0.5739323277414545
0.7089147942841387
0.5304839213929234
0.5255938249071073
0.6366733439333263
0.41640598506991444
0.4815609314117282
0.6004493372925046
0.7697145803237285
0.45617960622749454
0.5597279468205651
0.6529808933523854
0.4101043613173798
0.6619260955497749
0.5377183651823856
0.7797546842873155
0.8561234847115821
0.6791646270364513
0.49283142175208094
0.7277493654850382
0.6320485784009233
0.5729442876013309
0.3026773307961342
0.34184134456077403
0.62571130073164
0.8410614922349118
0.8713894457484793
0.7053925231089951
0.8068403957391231
0.7125278180266877
0.6800816250291514
0.6091692015503738
0.5033886751027484
0.5485297762463369
0.510990756624172
0.5647637593446886
0.6877740614962154
0.6052455941199386
0.842047966775812
0.8901867152198296
0.5781277480512884
0.8201806753377288
0.6376521250899136
0.46895545763236396
0.7073679940787407
0.7110140621315144
0.6188302693140689
0.5859060396849247
0.4228834017852144
0.548634605563059
0.75311575326151
0.5673361185321737
0.4863239120292614
0.5023130679325637
0.6553829466621551
0.4184347345607145
0.5653462018282078
0.7945285581561256
0.7678398226352886
0.6402903369727541
0.5687844171667014
0.612578428588835
0.5231839211523861
0.6081476190006475
0.6519663425995603
0.7996590049956704
0.60082380568635
0.706229835724771
0.4953036116804409
0.5787058494768083
0.4216094538345788
0.4056333698145749
0.5027154945283301
0.5897809145556907
0.8555509695955822
0.7335876574791457
0.8676673864194633
0.5114792975116067
0.5922353251672434
0.8406914067286911
0.48610420948630473
0.5534912831901732
0.822305304691365
0.8026176001922607
0.5903671390185015
0.6260445190001944
0.4285170886091776
0.498829624956807
0.5206198262363216
0.5037558598142533
0.3503556444343063
0.6131800994082958
0.5478161669075792
0.6332329217450573
0.7804066607162253
0.5536482681089633
0.6528956220781353
0.8071302523996645
0.5145463724494838
0.8431105271068967
0.7688649493223142
0.831615332319028
0.923531198823453
0.8952265105855985
0.7581958893563037
0.5380228481544211
0.4909094435898352
0.5407221299827227
0.5338803395049396
0.47480832490868635
0.7844673182584441
0.5405595909069155
0.7918970770678855
0.4800270256605293
0.7547315987729721
0.5732453203636437
0.6565253029665226
0.7201557668628293
0.7011172031416212
0.6866931540638351
0.5487197462715666
0.8489327083500026
0.582614528635248
0.5513605112373077
0.48818796249990043
0.6182695452617112
0.6542160620109366
0.46401332210986473
0.6241385820661028
0.7520421622305458
0.7486473707982801
0.5721628380107057
0.5390812400192445
0.6921368983206259
0.6223520866778502
0.5579294469899188
0.8037582655814184
0.7469415281844906
0.8893019875147358
0.8810360489269636
0.8572485972142784
0.7427228544410664
0.7024938879849199
0.5867372975648333
0.4574454612107323
0.6335062739713901
0.5835982427821846
0.6503692767826529
0.559900501083967
0.6969362398099627
0.47853910597382504
0.6158002818045347
0.33584519679440716
0.915431477634784
0.843984367095768
0.7772724558743822
0.5262183778058427
0.6509807856893449
0.6306092729899423
0.6284100856108075
0.7873612627500106
0.6682030899971912
0.7646356035446954
0.7920897433850191
0.4774768016567223
0.7181369949724306
0.4723837135554468
0.7842299109399665
0.7311972098844299
0.820671453286132
0.6544724880364933
0.8203417054604403
0.4308669905700948
0.45974080548887686
0.6640470237443858
0.8039326868315917
0.7612428401466759
0.7340568860197141
0.8476023679106275
0.7383931939907571
0.8419196660426358
0.633855369088392
0.6446987839947048
0.6918834614149862
0.49050037184150086
0.7207494461850587
0.688054127972657
0.7591274079588353
0.7366646372232603
0.6000932578414846
0.6043953925733979
0.9032160484527337
0.6137102610965856
0.7615590875927833
0.7976613886261695
0.7952843435830708
0.5649607449905758
0.740734593659999
0.606202117366176
0.6854561799794909
0.7960243838534472
0.7238359587548098
0.6506863095979329
0.9008992848325497
0.7042683915725737
0.47983683740449046
0.46170878502374146
0.8777638222686399
0.6347873537636357
0.7575932373385184
0.7545553225017537
0.8193216843517492
0.6111387441558676
0.4028954643156659
0.577904705659321
0.4823703962963375
0.4941260082719854
0.636402132870848
0.8511695260713653
0.7395985722909522
0.5827528997870289
0.5701159916798569
0.4895529800447783
0.8134217659288157
0.7425362134198551
0.491907323139635
0.7110389980833254
0.5892272265326078
0.5602536871760349
0.5113659114892952
0.7179240980552055
0.5034008191432371
0.6214168942511678
0.6894589073815323
0.6014819670162435
0.8530822801775412
0.4992828994744446
0.584041475035422
0.5750720963377288
0.5958493184048661
0.8189826790798311
0.5510573642411264
0.6627985611284293
0.6460584491112021
0.6983577716382264
0.7234198252792674
0.6373695859668912
0.830738750789773
0.6877645522428002
0.4711107368602499
0.7237506161001571
0.8235868427679915
0.6870933809495052
0.781186011428254
0.7888633556723588
0.6639339749857167
0.44824432039277273
0.7026101978104708
0.701772889138267
0.9020045395665248
0.812048924638426
0.6064804396055337
0.6421442929838133
0.5326214878499654
0.623026690654467
0.5901098933220024
0.558270018682411
0.7575831045649469
0.6188064408107548
0.48018576706963056
0.5665777795117566
0.5669624891819441
0.6509503296505184
0.6236358936315921
0.6571184454260264
0.6843997931523484
0.446578903111341
0.3750520359270008
0.5709761942812832
0.58064917612
0.596894977858662
0.8049235443676073
0.5649678982808484
0.6515608833492044
0.6474741815479362
0.693292858267948
0.7238659334213581
0.6348962194317351
0.8416296156196428
0.673896035196409
0.476441158423127
0.7180917721561563
0.8266491414019266
0.6853908149649345
0.779738594314948
0.7928925344005767
0.6624514433025926
0.7152780260491475
0.44712671383550107
0.7121461243024725
0.7040382775266136
0.8244949257717437
0.6174233923920357
0.6452086340847075
0.535185491977913
0.62861031314518
0.5902817120813172
0.5793373691869346
0.755185725875519
0.6241472600051267
0.4744488327577814
0.5668452084276
0.5663051050244318
0.655137628401392
0.6304405246377534
0.6672994870162916
0.670110760173713
0.4450984783254882
0.37827672590685135
0.6452915049987038
0.5937432622024176
0.48925497698307624
0.5678915107030907
0.3935599790634821
0.5673421782056592
0.4202196461202721
0.6221131335955865
0.5844470489878306
0.7165497682686095
0.5855346640735469
0.7982282247679243
0.5793091745897039
0.5696382989970421
0.44205245374283014
0.4658763367446266
0.5181386096373168
0.5968698869828588
0.7300018931373436
0.7255755546355585
0.8731685066182354
0.6754218436999487
0.8315826553748934
0.7485451412329546
0.4637756736858586
0.4230702387252771
0.7761387304159446
0.9195967425497585
0.9030886847743602
0.7079973142052837
0.5617850319560193
0.43900272490366643
0.48030971422219904
0.4523707238973165
0.6574501479525621
0.9134704782158722
0.9393481374577114
0.8456333493216656
0.6236334807029741
0.8144871899038117
0.8605683519560622
0.921889453531802
0.8537574470249361
0.8183800156690505
0.7821154266817371
0.5986376628203666
0.7488655989520459
0.8646577714445612
0.9325481607743025
0.9061524905097244
0.5416803248132894
0.7200021297954242
0.5250580342195229
0.8661657664186411
0.5736651434066297
0.39930068960248366
0.5885731288144325
0.4909316103633921
0.421659232292347
0.8228300020132048
0.698738526312412
0.6721921008680477
0.5135216574609115
0.7025104571292743
0.6833507404560316
0.6910310281682797
0.8888952767107452
0.6595216456235139
0.5944764721609008
0.6007261295295221
0.49492482023149886
0.637778165650036
0.5143578421708128
0.6429908056156081
0.5094038642508534
0.41244479674723766
0.597232920068444
0.7663265075022152
0.5947307341481637
0.45809296805032357
0.6572870913829179
0.8275748348984012
0.5915100658453208
0.6107239934963113
0.8006832230117161
0.7883283744923949
0.6285845854777868
0.7421368951307866
0.5704393006715736
0.5089191727663077
0.4723962818148575
0.48331674216358383
0.643222967883982
0.7448430797371486
0.670561808546705
0.6913200773991828
0.6030302934266434
0.8903786412861524
0.6650271448936768
0.5519222265416536
0.7506162940871394
0.6782304592040751
0.7053955805887004
0.61064129679689
0.5845587001415328
0.6700642240372121
0.5363652787923011
0.5996670811863732
0.43297700620741436
0.6081763325723095
0.4809446047942948
0.7948619161070692
0.5966788622543236
0.3999297741637777
0.5746860166067526
0.4801348725330637
0.5455225895156439
0.865480395109363
0.6409836035926472
0.5916693234884526
0.794757788201286
0.9310197078655849
0.630865852979979
0.7065516241179407
0.7618191861052508
0.8727627120427827
0.42116002033571737
0.596628558712889
0.5980697307104398
0.6786892091164279
0.5169364889103354
0.7178472048174607
0.8479539178181772
0.8342594761969532
0.7729511643114071
0.6351650265566393
0.643972224099241
0.4445300869526624
0.8640255649101365
0.8963217185608224
0.8410770714878423
0.5802215527293733
0.5118421878657116
0.7479436633252402
0.8751983256545638
0.43436232372912054
0.6635530681826094
0.6385364711489553
0.5501309642073229
0.7879818363789242
0.8849422185402415
0.8131370805975277
0.9058618259003031
0.652119247034816
0.44055694284083974
0.7544611814427126
0.668462535279587
0.3753541935038276
0.6078736496585452
0.5741255814420687
0.8282845451051313
0.5461602416079463
0.557745552415948
0.5882819758043107
0.4715835962719358
0.41416171907848254
0.6594874561108107
0.6169275312916123
0.7567712903411378
0.8299575156570396
0.7948891139570368
0.5337853199933066
0.4778351013157832
0.6177506226578813
0.701959338466961
0.561384741773357
0.8551812948838979
0.7883240970228305
0.5308265895223375
0.6726150110568418
0.7141461012037831
0.8601146080811463
0.6459618984474098
0.5638522465669003
0.8035677485833878
0.8601055420180433
0.45202951404899305
0.4287894481537589
0.5808979880157454
0.5012118307504205
0.8094130205807991
0.6010045176309898
0.5370712898674836
0.6645941220353764
0.7124440983844317
0.8524681572076905
0.8926113096915446
0.8933734219328076
0.852178482540305
0.8242675200278804
0.6281107113393105
0.8400113565407242
0.7425886213401105
0.42721898580015105
0.42920598552271805
0.737040826161177
0.6877389377671665
0.6991124478309632
0.5128100639516504
0.539443150731517
0.8050902157738241
0.5105097217665477
0.6818342766315785
0.7628678361337403
0.7165099719634586
0.8637060814624292
0.775148610743487
0.8049736364499859
0.7073032174389171
0.5563262070976116
0.6460059408833444
0.6979666046196727
0.47193663762985383
0.5997894789454035
0.7341731792520005
0.4715221426496221
0.4954950987325235
0.5679584883648046
0.6434700431467364
0.9150243480962571
0.646995511955041
0.4655763159870157
0.6044889016502195
0.7972056747670989
0.42767824554707246
0.5199167898723608
0.45747394315101286
0.6497972023927788
0.6957650482766699
0.6177723224633062
0.3655720983007912
0.5641579425432302
0.4388645250390492
0.6282301169937283
0.5760409499394491
0.641895523514997
0.7906237569177818
0.6289335740994296
0.610180889901009
0.502217124878488
0.67771779644981
0.8507237769179007
0.6438181871567342
0.8218492892367005
0.760589725140097
0.6330780738610423
0.43435801805262403
0.49977213605819015
0.5143904205865611
0.7810277131300761
0.5719479278008324
0.6576283044943725
0.5760369641847635
0.507302955187983
0.7413933811858862
0.6926214144656072
0.7479835296795185
0.8432594636469496
0.877781613803644
0.8523690673030531
0.835174967656794
0.535688578561708
0.7361296217055346
0.46266916092469196
0.42722128896318956
0.6294445920481743
0.4226804217353767
0.7671271317809844
0.7632383232294687
0.6658416371258418
0.6624330463437617
0.5713197521619237
0.6260111990592392
0.8051871939168314
0.6482094275902663
0.4358112681353511
0.6142566160322062
0.4605027248792583
0.7513722411059462
0.5881423617302962
0.5710155629944875
0.8774918792736862
0.5146271144924115
0.6290112322382757
0.701456181796974
0.5597791827275158
0.7453729340876344
0.6395329138307533
0.4604257649917908
0.7531453638154777
0.8176612745017136
0.7871525638184778
0.6995852774072205
0.694287511189382
0.633462305293905
0.604052310068059
0.607608718867025
0.5845263100099717
0.603604891009141
0.5662388613718743
0.48744080920614724
0.5090634728466682
0.4574457926673012
0.4851115932363517
0.760331507993277
0.5526835798815818
0.5290824496753371
0.42923428050613005
0.51575137832777
0.7416428494889754
0.5358361304168232
0.5234315042924838
0.6210076557597698
0.39407178293700196
0.3247701555266663
0.7809824742021741
0.5916851740475354
0.5430470181547842
0.5992452820034933
0.6940917408783077
0.7019298178991641
0.8532949722721714
0.7811323586599425
0.578785948340146
0.7001057746960416
0.676276275235609
0.5441344544883155
0.6511514184102355
0.5922207477457221
0.7916644010264209
0.6509341095505771
0.44604865726785725
0.5214979468530677
0.4194345443159957
0.6428248699578533
0.7634891176968515
0.6391496411524294
0.7878779083197092
0.6577584810904431
0.5927402639126996
0.4311236592942839
0.503701062374511
0.595147667164994
0.6731776716929224
0.8517753253630224
0.5249751207687618
0.4064755388906822
0.7426874724896906
0.6951164882653572
0.8722555127097443
0.9232922766227138
0.590698101385673
0.84087599446352
0.5096821178542265
0.6924671384720685
0.4003904348276133
0.6630953347383843
0.6439786705834472
0.5936931618878698
0.8963291981013846
0.7059254239476032
0.8728506809841069
0.8367319591004839
0.7104606543828099
0.478770329321776
0.6255483953280463
0.4794852814033401
0.4001896109516177
0.4678249677757093
0.5999937532814292
0.6072490225516827
0.8338649351141347
0.8941553601157757
0.7428816018191097
0.38271919082304406
0.8064842985546263
0.6920291297818626
0.747461789431124
0.6715677343917672
0.8096963464393714
0.5076528289937445
0.4062382921084886
0.452318872193685
0.8169369429266347
0.5725001275777314
0.7506663591544083
0.46596146009869777
0.5295432732112898
0.8218472624544227
0.6076612265556652
0.7688806821045622
0.5608985539915925
0.4045363461530407
0.4443497267528971
0.6991305876085844
0.35500787682755486
0.6013422493892725
0.75633742318046
0.8551015498364386
0.8894994218035187
0.6856600966936254
0.43682093482972506
0.5591307614315297
0.693208110542488
0.375831380408854
0.5603072798017483
0.4045188339233256
0.814958349808357
0.5898262441007026
0.8310686559311761
0.599149462746481
0.6800180447111525
0.7678546014478981
0.4559748985098823
0.6447450636187937
0.7671948329995837
0.7137833335822289
0.6465934871773196
0.8575366198744303
0.6162032514087279
0.4534708839651189
0.7403027380416857
0.5910035767618577
0.9087464394967506
0.7471634372038963
0.6861945234797033
0.5007584380151179
0.5397900996930403
0.5547404065482991
0.5825154531468899
0.5256899538936888
0.7123809021090175
0.5782308116522196
0.5230657934805027
0.5611916492772361
0.7910693726414143
0.39611053835552645
0.5494002906117237
0.6976254482760963
0.9028281959174449
0.8445094897386397
0.7728677676295348
0.8290754083529145
0.8039370292780272
0.9265385341131757
0.6082788568342522
0.7174853290689485
0.8383153557697304
0.8571190604916561
0.6278864062059193
0.4691965542452769
0.5610516954127316
0.8954794964285495
0.6979739287635303
0.5442180142250608
0.3877863078403683
0.541944494879016
0.6438212496251311
0.698568499511015
0.7760747920371425
0.8152949376819485
0.6203866546214112
0.6991607346448815
0.7581297300827928
0.898462372186616
0.5063135623653113
0.6877328263982426
0.7472279754241385
0.5547901611216173
0.7624263690592539
0.7393248014245898
0.4985793171806604
0.5280735339908649
0.5106881404484515
0.5889581372869632
0.7385381320335236
0.8069875031180762
0.5055840783197024
0.664784884085111
0.4739168780866124
0.7316876993769226
0.7661417514770394
0.6735181468365405
0.5410169455161629
0.35575429154322713
0.6499440107746772
0.46855496840821426
0.45228209845199496
0.8684856988930816
0.45674039911096287
0.8648141586041227
0.5470525224404458
0.5752034439461355
0.6546072789176471
0.4445431967035628
0.7429655104390103
0.7083738499613463
0.5523068338283534
0.9061476844759478
0.5771619025176313
0.47631839508441365
0.5936603151045324
0.8864218532719866
0.5825685587539821
0.4479953654624965
0.6111067052451534
0.6618729055162615
0.8462441573140871
0.6619423499588124
0.8457458383031322
0.48262641398806866
0.4585224215632665
0.7641445057758285
0.8452316464173903
0.578952608869385
0.7501065467247477
0.678243037079888
0.6456984050316452
0.8940814290896981
0.5248224466406752
0.4999848180599498
0.6703734738992151
0.5130552906815531
0.882535764604065
0.42211914470014794
0.5992103449062203
0.6862614716309364
0.6773424996692151
0.7620595553511189
0.5701818436500445
0.6999684221311449
0.8054370072044114
0.814874955151673
0.5923427403067201
0.5359217986318839
0.41668484046792076
0.594817480755282
0.4760670998797242
0.6919822189802716
0.5707848022616028
0.7080126288097576
0.7664385803812802
0.6477952082865411
0.7458433335401189
0.6227664488173568
0.47597682509998407
0.7544886888505047
0.7054565995841597
0.8759179875386994
0.6131722243199802
0.8211594573083881
0.652152188136791
0.696730026504968
0.48322164160333847
0.34268234217989
0.749832762892876
0.9117014583705946
0.4814256773357828
0.44193317997316145
0.5631170520135206
0.623749571965543
0.9162136333634898
0.9059952743584718
0.7832429693995753
0.5591128709098231
0.8256781640943234
0.8553787617549752
0.9178643394538553
0.8160936146053319
0.8007540606974943
0.6953945504091275
0.539637427744519
0.648912184167654
0.8113595412248414
0.89687979416756
0.9138222168381338
0.5561618125891373
0.6231013068995445
0.44205157325482314
0.510551932591384
0.39525444148806865
0.39535125937615784
0.6150613469486069
0.731629017891685
0.7353886386158532
0.6638882366940456
0.7596392428428055
0.7328061921614862
0.7461331834058923
0.7269253872709721
0.7641536566598466
0.6971565116228492
0.7083575242078285
0.6881158252831847
0.7422739439027165
0.6976135475213928
0.8180390986702887
0.5332375702224343
0.6370225749776239
0.6871871632272097
0.8717779809317654
0.43816249662417456
0.8070327025397213
0.7785771384156533
0.38482301035494737
0.55965079120542
0.5056770745870334
0.6565115090486291
0.5806226817924125
0.5513805978341483
0.5266224364819608
0.8144639073285314
0.7052421673022781
0.5000532958111967
0.7167767722531384
0.49886738332615493
0.6110809760221396
0.6826517440647031
0.5997097047552582
0.5794356312250042
0.7035335664153416
0.579384176667831
0.4949765188109709
0.6375548573295614
0.5673349112978786
0.765821366902597
0.5370838717588131
0.6907453940302445
0.6487728539631523
0.7322972422908559
0.5371368534603039
0.44255994064682763
0.6097049204957069
0.5254857808836708
0.6292086242539411
0.7703778618291984
0.5505857517385477
0.4694857879738672
0.42662188327433076
0.7186134593091661
0.44805543330498415
0.6417105078704884
0.8160095289678293
0.7035707548615819
0.5058482652885722
0.4607648664522636
0.7796369131620862
0.7476438757131785
0.8649909892202671
0.6453327587339006
0.8156123183228964
0.46254424240334124
0.3569470097501123
0.7692529705189982
0.44722661749509685
0.5479685774726373
0.5955927896597111
0.9269364775709854
0.919315368060834
0.7928526472847556
0.5827443555987519
0.8211135540628884
0.8757185541041688
0.9170626177764873
0.8413251696928405
0.787335782847692
0.6828203652002076
0.5549412782286814
0.620943303816483
0.7938210225917682
0.47981832820837883
0.726086511530175
0.9372661471810628
0.8825781926399919
0.9104265652070123
0.9048676644850596
0.5542862549741998
0.511664513089676
0.6011946224132337
0.46364237897953375
0.5680807602443351
0.7752928718642509
0.49468752627987306
0.7373563388190012
0.6370456042310721
0.42898009618612126
0.5447113743262801
0.44641093996732784
0.7442471500576211
0.6531407145989467
0.6481381512329824
0.5029468059662002
0.5678205615863563
0.4825495789860333
0.5541591960551209
0.5221503686234167
0.6225050301761373
0.3402015494386744
0.4476667397004631
0.4186487609317839
0.702868973154911
0.5121797766912928
0.6220764580434146
0.5060723033380589
0.792981447805
0.5820148305540123
0.3655044436436242
0.4661404065965677
0.5447801820269762
0.6208043901836994
0.5027394060953271
0.5807684064166979
0.6920109509935484
0.6520374665330396
0.6878411397835207
0.4580572350686239
0.7024075110216101
0.7115244346615285
0.5061154384935409
0.9188636953024266
0.5233812788799147
0.3740275467349504
0.7237993102479607
0.7358587808708896
0.6677890074062354
0.8376591499425297
0.8859689821123207
0.8032178432389179
0.6659747758549799
0.5851296202417889
0.721348455604951
0.7933238827139629
0.8859665801291289
0.7151012073727734
0.49596772448592064
0.8235526077525904
0.4783938043993758
0.5240498852853144
0.773556985736874
0.5776365971446512
0.7147732006073154
0.558332768109657
0.7032823230164443
0.7316017868117354
0.6318626782128124
0.49550741338724125
0.5980671297588505
0.848452160308215
0.8051026390171058
0.6652929640632268
0.41753721785084436
0.7373521329637568
0.8348156220179241
0.7612936058884427
0.7304419311707184
0.8092792616931224
0.5286343461659423
0.6273466043786364
0.4234996340245565
0.6540049892806048
0.6726260521602362
0.5993570052587252
0.6418294119181046
0.4988270341518699
0.6771173114937594
0.6169329232182806
0.3542881832217389
0.7899807253174985
0.49905006470732693
0.611410280135322
0.7672195379401484
0.861398373056554
0.5737612535948495
0.8995012799754766
0.7834920045017543
0.8401683237294573
0.5783506304123144
0.5163772258082345
0.652321799626763
0.42987027435838854
0.7317967936325215
0.6513809018516639
0.7782816848073697
0.43156784542538523
0.45895540729148254
0.6324553548166469
0.9008457962404516
0.5983928734186978
0.5860868445784304
0.8529268062689892
0.7355585805310625
0.5367729178659825
0.70599232272093
0.5969650287644604
0.8269811756075524
0.8596191193730808
0.5842472854109878
0.680899554239805
0.4953793970013436
0.6254985465804445
0.5829098588919751
0.5370322414672981
0.4886710453824634
0.736968591379153
0.638186394790788
0.5371593891802524
0.688302149969092
0.6337605733646539
0.5495579921602316
0.5094182548711133
0.7551731005356084
0.5843823457326605
0.7264030954583445
0.5018100097215561
0.4100125869693227
0.5354704781521533
0.8213660716610383
0.7274633161210777
0.557797125862764
0.8993029105378652
0.6058468954231447
0.777381000505424
0.44908248597177075
0.5125037980932967
0.3730795459136712
0.47765091455061937
0.5602358324473028
0.7438109438529337
0.5854325577756486
0.6777361813345438
0.7337234022856997
0.5040569462290203
0.6484526153561033
0.44739010958363534
0.7412060319856377
0.5690227702191966
0.5579050803182767
0.6837714973582976
0.5685547737148114
0.7047134850988036
0.6510553919234073
0.8033511701806384
0.7961361432085448
0.7715968779341622
0.6423454580146886
0.37589712068792125
0.4067571616332119
0.582316967301481
0.5242590503500728
0.6466273090774004
0.8607195377124857
0.7816778401501877
0.5093721657321304
0.47139053230487654
0.8020584093260942
0.5119492843660445
0.42428594620800003
0.6488421521365876
0.630235606151674
0.4226966173491317
0.7177775553761501
0.5721269617621743
0.601184115911459
0.6515264464808213
0.8373870273337563
0.5896726944439705
0.719726869176145
0.4937850065087026
0.8901261866945304
0.7475167565174922
0.6257191085749099
0.749821757871848
0.4874419478946943
0.42215515999764863
0.7327163887797056
0.6521310679752709
0.8384257523816875
0.6928972793932556
0.8681860831038587
0.5296677158821332
0.4979483471779826
0.7274677715261262
0.8590584060176605
0.8129221817987021
0.5009266656112974
0.7700374248658858
0.6033002170645483
0.6593060917712982
0.8892517963617428
0.7291276011871629
0.7297348838112643
0.5796914982455801
0.4607579253069
0.7341319209270866
0.542914277923704
0.7022559085836668
0.6229467177976463
0.4995125634908924
0.5336877554341101
0.6290987526880542
0.7514165181856411
0.712904969916411
0.6865316500732535
0.46177305487749387
0.5679105852633952
0.6715879278240705
0.5643310165809001
0.5391693442094136
0.552678360015412
0.6953181577513533
0.6179063090536105
0.877227578774175
0.7402639140078222
0.6503999605435811
0.8560709734080674
0.5542014225576913
0.48881559865591606
0.5988190822277113
0.4288172106883492
0.6119378939417168
0.5670990594560307
0.5715188238028327
0.8754513211526341
0.6359927710826695
0.8596512068979143
0.8224327252029987
0.8833865119457766
0.7571444777102319
0.4366556587998393
0.7625748488533429
0.4926618629240224
0.5814646816481951
0.6203571793689234
0.48375885677960057
0.7004649995201324
0.4227477238584327
0.6723344174230148
0.7940952485686669
0.8999092494615154
0.8510737828657817
0.8247055989216937
0.8410586694048101
0.8384427967106534
0.8495280652010553
0.7437194699435725
0.6774580589335027
0.49138739688578703
0.4551756922315886
0.7037943080935887
0.8096314839411056
0.8957213675295431
0.723437925638328
0.8593266882731534
0.6092717411007655
0.6323984337050634
0.7440989378242631
0.6561341224272267
0.6923263310261379
0.6060620409695726
0.7613980869307685
0.541717215047828
0.605901012585524
0.5683246259852154
0.7813751981333483
0.7269363051653333
0.8017536349521918
0.8365858633557636
0.5408783243130911
0.594394988887644
0.6455296608282024
0.4028673913322016
0.7937061409180228
0.5624950576524291
0.49959925445877307
0.44318507471041513
0.4936438221659505
0.6883253636908682
0.49094916058099425
0.5604776185501268
0.5482280519964375
0.8279923405366427
0.6741293070407567
0.824424358116242
0.6966166902585097
0.6383828078855376
0.644177445918248
0.5114283396331734
0.4461615131852631
0.4809252455411646
0.8598722174235426
0.5946006206780677
0.8044754030901685
0.4891545007628454
0.4310955130398981
0.4806872921875529
0.8421469465298729
0.610717832882019
0.5207902844933598
0.6170595364438076
0.8073509945330835
0.7259682184870352
0.5404193986164201
0.3759447789413871
0.5216199067574119
0.7574701150809416
0.7630067814122783
0.8734499013536621
0.6869627979433709
0.755463015794222
0.9020297007389859
0.8418231307282052
0.6746255776192247
0.7692627188611243
0.674418986432771
0.37572135892757513
0.45085398453201797
0.5339554029252795
0.814772532830172
0.5280425504761969
0.8352488581982994
0.543716249686442
0.756717438472598
0.688934699094154
0.7107362320183094
0.7366460458727931
0.5665748090051091
0.6466013882227322
0.737555909891124
0.7535627420593036
0.7993624668360312
0.7748252076732918
0.7737597323793308
0.8802542090908179
0.3831331770586128
0.6404634383091597
0.7358596692247047
0.6856834865429112
0.8877968755841147
0.8837171209732533
0.8769429150703029
0.8474143686783293
0.8240258597169534
0.6980723484790672
0.7804783079895603
0.6049661827477266
0.45755354871755183
0.7508617987397354
0.5842198329485697
0.8441768143493611
0.741334513454693
0.8174605205137357
0.6021537943043582
0.5603485733715956
0.6291212462403601
0.6884634470663744
0.5148898988821425
0.5579422123312009
0.7659282817003542
0.6788709710873566
0.6615098555373695
0.7955308603427338
0.6211760776413375
0.32687592068585364
0.5318794649241861
0.6400282356402686
0.5446035954723598
0.5669789495097268
0.7407342193410951
0.5190878237646976
0.5271983152906382
0.7060289373137235
0.8393605196796312
0.7273622557835477
0.6028473098465283
0.6330466641820214
0.9147842787292019
0.6754747258984053
0.582406342321127
0.6947992903807948
0.469971514595911
0.5654660025566036
0.5870906125501559
0.6927914345475251
0.5840212020324883
0.46531372599847365
0.5700950852605972
0.43907812957329284
0.9125867010727983
0.603127370803518
0.39479194396538697
0.4354248267427927
0.7194557435315068
0.6213629755616432
0.7202238940832579
0.8239695060937596
0.5493481329603692
0.53861928039413
0.7262807550368517
0.47969968785155626
0.5456015646797373
0.8714446814760739
0.8345167435495321
0.654250464239104
0.8390790857909357
0.6641789192945553
0.7020137806656622
0.7516569552357344
0.8542410290803062
0.46993928588663514
0.673566770583111
0.47132626257254123
0.7169813383221921
0.6024176761552544
0.6394465651039137
0.750329835778719
0.5343690037367642
0.7221602504385266
0.5517261991645613
0.48549331610018837
0.8507961287358309
0.8477194584585398
0.6301049891455013
0.5158796647190371
0.6414937457442867
0.8180776482774231
0.7674232576012769
0.5647288716529847
0.5046540718386285
0.5849209228119678
0.5550678330645131
0.7951250460596148
0.5822521135297588
0.47615117551932606
0.4428625199627617
0.7985049107410811
0.7210343036289287
0.4920186463664043
0.41773267472163245
0.6245629230754817
0.662944401724424
0.3894170771051682
0.5266132785730396
0.829207357022546
0.6851577255237553
0.44192631204937044
0.6684140739307786
0.8323569935403582
0.7490194773447292
0.6240720578229983
0.3541837627311418
0.35694113253050497
0.6315414532967746
0.5614139353886821
0.6445618634395016
0.7777995597179873
0.8340865548978303
0.5300265815921243
0.7851714125798696
0.613933443799842
0.39641745340782036
0.6219206924291172
0.650586488851102
0.8022303754363217
0.7992140227856754
0.8462303352083413
0.8377388093072268
0.7203933823884686
0.8537223368032375
0.7420805612992787
0.8133924705576726
0.6377245136246231
0.7594074664496216
0.834657286151803
0.5433887810751578
0.694842936631488
0.5348617721780612
0.7547904132745645
0.520607354426801
0.7820256440346638
0.6520291606420995
0.6902573640559604
0.5364008727598942
0.6176554892799945
0.49502807067632926
0.894166023640553
0.44875215224433934
0.37499102209311747
0.6795177592299175
0.697092196925694
0.6686435539182031
0.5117590073501176
0.526252455857364
0.7449337418139623
0.5555324071221099
0.7247281153999859
0.518608690738045
0.458502072334451
0.6769301044631104
0.4275717016406908
0.7417642656459448
0.8338034436395674
0.7957713318086231
0.6838557032214054
0.7795270009406553
0.8713875879254773
0.8465328910815626
0.6511088520668239
0.8829006426945796
0.6967467536475951
0.5575875195163411
0.8689780340476794
0.5228429134538345
0.6678238350996631
0.591574065931887
0.8491381793719923
0.802557738130107
0.7008350857772505
0.7025801705316219
0.5636825030427346
0.6135536149418981
0.8606119879052151
0.5771806952823193
0.8044737067919457
0.45794369425524967
0.604975407182005
0.37348984204740937
0.5582598070615798
0.6795300040086806
0.5220117106395997
0.4384216866527932
0.5742058120702789
0.49337959491403255
0.4924537620672489
0.5287946435302221
0.7564750274851039
0.9090296044544534
0.6669752131997665
0.7404343819942472
0.44355267734304793
0.594269041623441
0.6424846904208428
0.8597945782483024
0.6720268238557563
0.8173915906089965
0.7218127925159167
0.5532236724942073
0.7453960261846541
0.4751304086410767
0.6469005687831433
0.47233489771054016
0.2877225891126239
0.8179226701742344
0.8648717667061997
0.8465662273722977
0.9040277320681416
0.8364382268521736
0.7192968338207681
0.5977089218108007
0.5195112454291555
0.5530938328441348
0.6295380357811022
0.8875775996674395
0.8111332844187903
0.5761552201192253
0.4164210390454611
0.45245810762276895
0.7035538183814186
0.6493925300243362
0.44513422622813614
0.5825090237082963
0.4965693433331818
0.6912026774962524
0.4727808573211937
0.5647421001659555
0.49631504510020985
0.49584269130453595
0.8718529579852593
0.6042976892179323
0.46885746055106275
0.6199969554465748
0.7884875719349527
0.6199073701754906
0.4431249125421595
0.7583266862754071
0.7601527888288487
0.8868385542001406
0.6574527707896071
0.8548670816123844
0.6261107266869891
0.6526864542899269
0.457647326993575
0.3565405626948097
0.6253667900733465
0.7645539358685371
0.9214864807906694
0.8983765558004684
0.4610762372336211
0.4153329157900095
0.5493481508314734
0.8277006323682766
0.5917580886447245
0.9253749049289041
0.9140322755564477
0.8000082464622729
0.5829868127157175
0.8101305889341237
0.8642212083376197
0.9188284769154352
0.8393803334688501
0.7817575009594752
0.699727699278379
0.5496217495743841
0.6090108146878184
0.795595531125432
0.7453927050463638
0.9412294038076078
0.8855515453070065
0.90978597907678
0.89719515614573
0.5966784832964364
0.45604362003399423
0.7274483788826122
0.5048961155077352
0.5367163523371555
0.8083767925609624
0.49792267778491844
0.5921477699889015
0.6970950845608678
0.7978546866894084
0.5839486269695529
0.5165877073896457
0.43809093572640334
0.491269425910148
0.7299126660142007
0.4857365343046523
0.6521828005568129
0.505669642876386
0.7353873140599211
0.7447575591657538
0.8048989588355919
0.3637138769078455
0.5653305354880075
0.5478859453651826
0.5092211734176532
0.544795400224098
0.4375598887601445
0.5909524100294652
0.7911647533317546
0.7846750011615072
0.7813270541632404
0.7673830594436433
0.7306975828834354
0.57574946719684
0.6119821861125831
0.5256988947726666
0.7612217063343177
0.9121096261892828
0.9252836744034795
0.8966138641977295
0.8890037589390045
0.7996509613791941
0.7823000170867417
0.5629265867926972
0.5341557460455687
0.3940134950409825
0.7036288388592987
0.587342341946426
0.55582505203519
0.7532046961661122
0.5019458382141296
0.5203396629770641
0.6901788931457589
0.5903005583028067
0.5537937708298056
0.7169247488846745
0.46824155791521427
0.7416115719752562
0.7229391117198402
0.6268874372879579
0.7051503829241924
0.7999023494551253
0.8037545137689825
0.8189284010933602
0.7730122858088164
0.7780877011580591
0.791232583460495
0.7029917089154589
0.8194646949223873
0.773042656578678
0.5647165022480174
0.4621194968938335
0.6184590495096399
0.4018739757174027
0.6232552270821865
0.5576908124058853
0.6203515382018442
0.44150678246076613
0.6294372700448553
0.7587392798604711
0.6486330276374085
0.6042630082820927
0.8221046260119884
0.5248178658487099
0.4471231182221535
0.7522469245518286
0.6351372456841075
0.87915037783506
0.8678578602459861
0.3856477530889389
0.473221306980862
0.6866096810927018
0.7997338835578017
0.5241122424036577
0.6447000011221656
0.8927935789361962
0.8397989930664782
0.8818854184100846
0.7890291474415291
0.7010198485168404
0.42582798144576123
0.5308658121778577
0.380560888061658
0.6519334042135196
0.5386886001244058
0.5606881871296784
0.5927533227429367
0.6090224042308473
0.8119671336305407
0.8623518326049584
0.7625260807882899
0.7426749509862539
0.6816252385064878
0.47319736400738316
0.42170333530631204
0.5731370341676669
0.8562185593467652
0.6501039871872735
0.7727496250189091
0.4604814759215474
0.8619636156304811
0.5741779870221326
0.6337855645079514
0.5676779895611351
0.645876196299764
0.44135468901511016
0.75556291166781
0.6799238517424996
0.5749720956869412
0.9151360606166111
0.5839713229737507
0.47904898672396123
0.5962521920325706
0.8358239874294229
0.5514773788712852
0.7037784790351531
0.8896532257094039
0.6004395361890077
0.6358477168005608
0.5258915268728768
0.796583221728319
0.577714110800319
0.3876110817576735
0.5504208383104878
0.821562200453476
0.59843214156366
0.7723205066870108
0.4492403502949346
0.47102695850742254
0.6167231420645105
0.8513101125716277
0.5492224609053598
0.711439075811518
0.6530833394405988
0.6294573262499219
0.8694569816618067
0.5715307861706227
0.5240883095573109
0.6821753356945424
0.4410010671912275
0.7822635597945385
0.5015467852302444
0.4756668819147247
0.7545158848985376
0.6050413426724915
0.6338389851824491
0.6499683735180187
0.639081389094322
0.662639136554285
0.5571571819142641
0.7209319735122237
0.7616996084792741
0.8451320783251277
0.8199450822689247
0.7589518670831434
0.712029207417639
0.587990744776139
0.7386960039457486
0.8969139700859219
0.8527620576864511
0.8375479857004356
0.7167574417795232
0.6399331704006674
0.7484061150810066
0.7868718365500702
0.8023155816322138
0.8770766206353476
0.6553577450353859
0.7298065492285226
0.8043479543807038
0.8398625480733651
0.6018343863324719
0.8153304727141096
0.5458895846175134
0.8405848610285478
0.8011599680218174
0.6795747813874631
0.5297577731521812
0.7153661160679265
0.8527835558077106
0.5499997590457937
0.469192424074856
0.8154727525741421
0.4946214859967915
0.8304418185810578
0.6500620926780379
0.44729188548553644
0.6758541306760212
0.5773803338756086
0.6967483601084229
0.5159499239892057
0.6204864928927323
0.6266518056608023
0.6942623686389594
0.7815835372680259
0.8890652404151582
0.4772399466543947
0.509076828201008
0.6868496131083722
0.5537922363890501
0.48665594873326845
0.5057035965043312
0.6006576241115829
0.8649199656808122
0.5338054417774952
0.45205776300046985
0.5294983357745345
0.7118667162225086
0.5350733686878015
0.5924292551548653
0.8776672004108842
0.7673448367563763
0.48857358965136144
0.45806841511958296
0.5074362008720634
0.6972140907657765
0.8946467466470377
0.6780391514485599
0.5830406945358362
0.3407707257639113
0.40304018571528716
0.7558337395658928
0.4471154033407646
0.628723461098633
0.488293946394887
0.8648337677796208
0.5141690399038052
0.767377662058857
0.6292497587142727
0.8441018789941839
0.7398093136191918
