0.46184040722791625
0.7667099175523261
0.7667819190497028
0.8929413815874992
0.6487044848481722
0.8406955921802209
0.6670617744035938
0.7619069881460455
0.6148813742261996
0.48080023783681014
0.39228719918311544
0.6210660445491237
0.7640366448526863
0.5751707183970046
0.8240431846978046
0.5662220988721481
0.9221580946003838
0.905621315954086
0.7688020081341539
0.5456204560380602
0.8151839428321433
0.8430350062809717
0.915530806600651
0.8163363243575131
0.7569382667797164
0.6687946537772544
0.493622992814074
0.653939059615778
0.7807731580455067
0.9099988361582496
0.7852505377960796
0.653438745496572
0.777435760339879
0.48236924108586776
0.789077527503524
0.6442885480253882
0.8946741205049604
0.8191719641731898
0.7334569674602697
0.5815848011457362
0.46463867048569346
0.675010304593072
0.582555830325763
0.656776581784773
0.5797881240088383
0.3891017127630153
0.4874815267394318
0.4662620247401679
0.7240777555695836
0.4663588779706231
0.7264708294839164
0.6160914575997215
0.8018935199641586
0.6938162848064005
0.4295555426627251
0.8871194037279501
0.7199890698645379
0.8264149319556808
0.659624441803708
0.5491495370376319
0.5171997201362948
0.38376612964516105
0.47167727242697166
0.7683785184088732
0.7782204914580781
0.6543642113035947
0.5385827409634245
0.6603955962806148
0.4556032298176838
0.5917998269438252
0.8020099091044791
0.6937966745940638
0.42984142828620286
0.8871292239709992
0.7199334502849659
0.8264267261803782
0.6607250716280141
0.5491037082716091
0.7776560654481032
0.5178759961121293
0.38369271821218026
0.4716065944990951
0.7680436898086257
0.7767548477229833
0.6541924824222611
0.5383959922050401
0.6609040354930524
0.4556922222965541
0.5918524798006518
0.5673668328489192
0.3999754111611349
0.512078678573516
0.6112941593691141
0.46832327560416925
0.7710469907257982
0.6691570236976443
0.6632697872977485
0.6262451480285666
0.5478380935930885
0.48515282287111866
0.5506716066325293
0.7794188764816397
0.6424948861103281
0.48281775415123834
0.32221785651861745
0.618110215730527
0.6302006991805816
0.8852581927695812
0.6791665821633285
0.8496499955459874
0.5831403843260454
0.8286462088550712
0.615613020056646
0.4928038775503466
0.7170615189128584
0.6097989329301144
0.4347913305469302
0.6312824686322865
0.595232297208764
0.5808586341527598
0.6060502528591747
0.6571040973570458
0.5904086400701364
0.67487388689987
0.5298793717623327
0.8099748556468627
0.4676665978784483
0.6499226397977985
0.5887390435004584
0.5988559158115768
0.869698457873467
0.638764345187396
0.7005209507985036
0.800907224825499
0.653906902326005
0.6277132248519215
0.6432077646460187
0.5594882819243697
0.4989810130333034
0.4861406347319104
0.5739621538255824
0.383057754332631
0.532015798764903
0.6017652797079986
0.47158173917276197
0.7732210488211684
0.6544216017424229
0.654651463299398
0.6245489442093332
0.5612489463704096
0.4930876559822221
0.5324919899429025
0.8145764320719575
0.6394564905063482
0.6340414515153254
0.31516780165953434
0.35300600165570695
0.6252336049565448
0.5183192236294695
0.8897973645943602
0.669386401068426
0.8625899390040396
0.5775037053217159
0.842571329608519
0.602815432973644
0.47957226880407444
0.7227078557913139
0.6069938408488144
0.40269226739275743
0.6210587607042084
0.586699288427798
0.5852303651071259
0.6195961781748515
0.6424377971014413
0.5890281694870779
0.6910243717727573
0.5317500361927594
0.8093294045821153
0.46015448161640016
0.6521933734583901
0.5759164445307771
0.6000625980031794
0.8678258022285507
0.653022160836331
0.7090678432552642
0.8064172048965976
0.646248833948037
0.616883453697998
0.6422452260744913
0.5603296925320372
0.5140323934794089
0.5423744293386042
0.36186912632984347
0.5657559053918069
0.7915998124898135
0.7300121938336608
0.6158402930548315
0.5024526091255673
0.7015794880103157
0.7639269335153664
0.7865928025937144
0.7828695673981477
0.630241144966723
0.6350155102317877
0.4457463708670911
0.4443991119892012
0.5349060619411504
0.6756788589157046
0.6122632719027542
0.5522788485606861
0.6871600706188156
0.6057924996046861
0.5661967789254636
0.405968237467378
0.7412243913886831
0.7921468890620305
0.9031988106200537
0.745477060395931
0.5462549390217135
0.584992967452288
0.5975448542732655
0.6984119257822039
0.4410002677226025
0.6719271101591263
0.5762871776540608
0.7763167193849101
0.8361927621397769
0.5207869885337973
0.7887280459163809
0.5862057817444571
0.6273809903228227
0.5263919989882414
0.7685449416665415
0.4086513984913407
0.5607877785566541
0.7039236947527403
0.6186670106404155
0.6725405721236521
0.5016396539967295
0.7198055970811111
0.5665062142614353
0.5066718731571331
0.4857068600257542
0.5352494252261507
0.6062437145740807
0.4061844931590312
0.565926438911557
0.6313986076377694
0.6536128316842201
0.757446841922906
0.6428962315471134
0.4366686404117462
0.7130510252652877
0.6272671252299578
0.5673207514167945
0.49091491597705145
0.41662260477656177
0.5692770505500925
0.7871976172171077
0.7471674619114776
0.704412946331343
0.6452676312338418
0.47235001492313106
0.7616189270062707
0.587243067095863
0.7343578459842309
0.6654692471751092
0.9183298478334239
0.6439531336101219
0.7658459041997948
0.4991034561588211
0.5015018887916314
0.42259074317743434
0.7970147099891397
0.5892039826714286
0.6417567968413468
0.6931852828001057
0.6031647852852426
0.6479780929381308
0.528891939481338
0.7503368759943443
0.6197544982232904
0.8802878975536337
0.3947996245137027
0.5393391157586948
0.3841700437086398
0.43648420755178974
0.5707952712600709
0.7653351838499346
0.7758846534241176
0.4517713969228433
0.3978115678679408
0.6851463082452922
0.5098405832285332
0.38904472007444735
0.46506127550093446
0.5804295165798127
0.7747764201502897
0.6677692580780492
0.7771376049398618
0.8400131625128827
0.6778148703924417
0.49008487996812705
0.7486931640174973
0.7321528037161951
0.6334547855927899
0.38158581609718656
0.4684559935636942
0.7561440708587724
0.8934493275725817
0.8646574545339182
0.8085004955244711
0.7696354593074913
0.8022374626061266
0.6323952412304966
0.5449808752109949
0.6805193528488891
0.5040874726163016
0.5837446882114136
0.6733950154628963
0.5547354422315182
0.7948489819746739
0.5653295284301448
0.8195894128746043
0.64046460329461
0.4580423675261822
0.7028893636622875
0.6758697697081573
0.5953342755977237
0.6685644355964552
0.43061793412707455
0.5739323277414544
0.7089147942841387
0.5304839213929234
0.5255938249071073
0.6366733439333263
0.41640598506991455
0.4815609314117282
0.6004493372925046
0.7697145803237285
0.45617960622749454
0.5597279468205651
0.6529808933523854
0.4101043613173798
0.6619260955497749
0.5377183651823856
0.7797546842873155
0.8561234847115821
0.6791646270364513
0.492831421752081
0.7277493654850382
0.6320485784009233
0.5729442876013309
0.3026773307961342
0.34184134456077403
0.6257113007316399
0.8410614922349118
0.8713894457484793
0.7053925231089951
0.8068403957391231
0.7125278180266877
0.6800816250291514
0.6091692015503738
0.5033886751027484
0.5485297762463369
0.510990756624172
0.5647637593446887
0.6877740614962154
0.6052455941199386
0.842047966775812
0.8901867152198297
0.5781277480512884
0.8201806753377288
0.6376521250899135
0.46895545763236396
0.7073679940787407
0.7110140621315144
0.6188302693140689
0.5859060396849247
0.4228834017852144
0.548634605563059
0.75311575326151
0.5673361185321737
0.4863239120292614
0.5023130679325637
0.6553829466621551
0.5900887063478013
0.48764971272565116
0.6197856005010081
0.5429482499415927
0.5863453972307294
0.8046969093868565
0.5748899758357627
0.5711697759603277
0.727866177552015
0.6187535155799361
0.7803239223616438
0.5461368986270153
0.6243238132137335
0.729332116216605
0.5458849759657972
0.6879930782733601
0.5857239895897038
0.8055304007219797
0.44446697965013415
0.49611911515077617
0.4357258271594204
0.7061934634359992
0.5298750142921149
0.6019514679179312
0.5500346145197872
0.7333007005136407
0.5468866987343898
0.6497809784461199
0.5858141105378686
0.7655453361465359
0.5508795556834221
0.6010101232212963
0.6463261382798497
0.7063077788053763
0.574454956769566
0.8428740261803732
0.6683549142313178
0.5569771156107933
0.4464227962345617
0.8400100793216493
0.8888015443983723
0.6376270662815966
0.4826487354633911
0.6343301312053271
0.5588356644561467
0.6194908602878368
0.8059392594968483
0.5599871568901179
0.5981354842927605
0.7268444529248412
0.6241721314205552
0.7805935527761818
0.5497900632300704
0.6214080865397488
0.7196611888086097
0.5525141853799221
0.6955996934047375
0.5889157229862636
0.7973641765566813
0.4460658409139853
0.4947318030390091
0.43325724140922756
0.7043136328003087
0.5212166233262321
0.604876806443541
0.5523826843219989
0.7213812344065287
0.5564828010531679
0.656680746424255
0.5906073927170215
0.7681864704647592
0.5496657924396221
0.5911614257683613
0.6450326296931306
0.6900634964672314
0.6089553501740499
0.8291124154953325
0.6781947523506348
0.6104489917306016
0.5876874087240803
0.4433366200613873
0.7277373200532059
0.8628376450214215
0.8736663141965594
0.6369990675665774
0.6627233662409927
0.43037753923645133
0.6896640725716381
0.5197748455856084
0.6412985577924449
0.5300246805439547
0.7785701852143525
0.46395021050016716
0.548912132001521
0.7725553308239852
0.4435913084850969
0.4676884904464183
0.5899079929736155
0.6395102218190512
0.601641964817162
0.6908559635925737
0.42541061705169947
0.7634745135110457
0.5853822873639379
0.6138221535429815
0.5015842403487344
0.617967810229867
0.5497900632300704
0.6145568102852559
0.6214080865397488
0.5758599532309179
0.7619070926947116
0.5525141853799221
0.6522518723899327
0.7031462684849203
0.5889157229862636
0.693337306636068
0.4884769795899958
0.70126785372975
0.43056884202894186
0.7718007149278917
0.6545537101131671
0.5426578736177886
0.7511633649097856
0.7406733034139626
0.763165338127782
0.6152311946719056
0.6259904526823411
0.42746701176252716
0.6276028060258004
0.5454734463929046
0.6093589393866711
0.8807969224843922
0.584041475035422
0.5750720963377288
0.5958493184048661
0.8189826790798311
0.5510573642411264
0.6627985611284293
0.6460584491112021
0.6983577716382264
0.7234198252792674
0.6373695859668912
0.830738750789773
0.6877645522428002
0.4711107368602499
0.7237506161001571
0.8235868427679915
0.6870933809495052
0.781186011428254
0.7888633556723588
0.6639339749857167
0.44824432039277273
0.7026101978104708
0.701772889138267
0.9020045395665248
0.812048924638426
0.6064804396055337
0.6421442929838133
0.5326214878499654
0.623026690654467
0.5901098933220024
0.558270018682411
0.7575831045649469
0.6188064408107548
0.48018576706963056
0.5665777795117566
0.5669624891819441
0.6509503296505184
0.6236358936315921
0.6571184454260263
0.6843997931523484
0.446578903111341
0.3750520359270008
0.5709761942812832
0.58064917612
0.596894977858662
0.8049235443676073
0.5649678982808484
0.6515608833492044
0.6474741815479362
0.693292858267948
0.7238659334213582
0.6348962194317351
0.8416296156196428
0.673896035196409
0.476441158423127
0.7180917721561563
0.8266491414019266
0.6853908149649345
0.779738594314948
0.7928925344005767
0.6624514433025926
0.7152780260491475
0.44712671383550107
0.7121461243024725
0.7040382775266136
0.8244949257717437
0.6174233923920357
0.6452086340847075
0.535185491977913
0.62861031314518
0.5902817120813172
0.5793373691869346
0.755185725875519
0.6241472600051267
0.4744488327577814
0.5668452084276
0.5663051050244319
0.655137628401392
0.6304405246377534
0.6672994870162916
0.670110760173713
0.4450984783254882
0.37827672590685135
0.5334614319619441
0.5777027864787876
0.45809296805032357
0.6750196453720585
0.5522153330476244
0.8394192572799376
0.7588254650990248
0.71179592075587
0.5570243693208392
0.5965478035858482
0.6651081651315137
0.8036279140080312
0.650405641145035
0.5048563121228563
0.6753784130807853
0.5513626755261374
0.8145199985066084
0.5465620553521107
0.7088149335364432
0.7880640483787327
0.5760808051083863
0.8515330236300943
0.5704344890186764
0.40872894560916334
0.5625135306100809
0.6211905900729099
0.4979905814055992
0.4156800171201964
0.7423247331033279
0.8177569645583446
0.691715110388098
0.665860308987895
0.5280540005000703
0.722523789156946
0.6793566531795
0.8957921286294079
0.6638470345991034
0.6405515597619809
0.5278829605548234
0.6822937464514891
0.3835145467288775
0.5876122086628807
0.8269547731788639
0.5947307341481637
0.45809296805032357
0.6572870913829179
0.8275748348984012
0.5915100658453208
0.6107239934963113
0.8006832230117161
0.7883283744923949
0.6285845854777868
0.7421368951307866
0.5704393006715736
0.5089191727663077
0.4723962818148575
0.48331674216358383
0.643222967883982
0.7448430797371486
0.670561808546705
0.6913200773991828
0.6030302934266434
0.8903786412861524
0.6650271448936768
0.5519222265416536
0.7506162940871394
0.6782304592040751
0.7053955805887004
0.5416803248132894
0.7200021297954242
0.5250580342195229
0.8661657664186411
0.5736651434066297
0.39930068960248366
0.5885731288144325
0.49093161036339206
0.421659232292347
0.8228300020132048
0.698738526312412
0.6721921008680477
0.5135216574609115
0.7025104571292743
0.6833507404560316
0.6910310281682797
0.8888952767107452
0.6595216456235139
0.5944764721609008
0.6007261295295221
0.49492482023149886
0.637778165650036
0.5143578421708128
0.6429908056156081
0.5094038642508534
0.41244479674723766
0.597232920068444
0.7663265075022152
0.5227582713812237
0.5887892273966906
0.38880949926951613
0.4190262484337292
0.5242798284799783
0.6933918997125037
0.5430424487217287
0.4494498003094624
0.8007629575466937
0.5892148451293152
0.5213930334411268
0.6684416753885335
0.6050604206745458
0.6780755537273137
0.49686501881390743
0.585369231100408
0.6472612542550477
0.48948838191435073
0.40748500597838483
0.5447181784486415
0.47018598035484366
0.7197843226428151
0.5442416807659738
0.5146566033583516
0.5863512572864568
0.684994296756185
0.683214458172608
0.8127288759457492
0.5968450873900772
0.8418457446999655
0.768017749220208
0.5565364799537658
0.8453083914824707
0.5055767517794548
0.7657795302938187
0.43131658867689476
0.4510312548976991
0.5220027965561458
0.5836234435713866
0.6183127901749764
0.6295359154202124
0.6765401645077823
0.8634018064840874
0.7555539343870604
0.696825242868817
0.6581411729175527
0.8571668548273415
0.9225763209418365
0.933554497187747
0.691947047539399
0.5354892093310742
0.61232373308748
0.7616307837888024
0.6199615965378724
0.5038676125071219
0.9018362465277048
0.7109001929204222
0.673493203016169
0.7627631976910463
0.7029594206179796
0.542741243324463
0.6559914962530073
0.713571418491371
0.7320829145838122
0.8330795403905441
0.8915380656553392
0.858256821801734
0.7965819999444744
0.7547408775850545
0.8279414683313011
0.5847969970027688
0.8545537956623759
0.6179367416812581
0.4061998454189724
0.5227378953271254
0.7168982895660863
0.4596888450569004
0.5292932920423158
0.7858329032292091
0.599243344361539
0.8193137843354843
0.6492717533274718
0.5796497402788854
0.8952359609573032
0.5221421288842552
0.4952677137996747
0.6136403113100956
0.475668420185529
0.839576466706092
0.6327937822321662
0.6804055661702113
0.44406692395727554
0.6368139351293098
0.7530697513973735
0.6533834554072641
0.48535686283547863
0.5103068836952612
0.5386750471022606
0.7979709468688064
0.843082503087536
0.6371574586377988
0.40925215950757377
0.46592469412839854
0.33600051197830644
0.5013157087440901
0.5920757038327715
0.7082701657637793
0.8246906833371579
0.7878162733924484
0.8894286502287421
0.719185389626557
0.8564442252780983
0.8972517367903677
0.7341149130283501
0.6241963464334265
0.5496135780291006
0.7812338074614982
0.5697927782376505
0.8685034436431983
0.7224642177151853
0.48765166147023925
0.5235006091595299
0.780659080007502
0.4703786334328474
0.4545947218254081
0.7753902554516656
0.5250122294129257
0.7788961139790199
0.7587169213067582
0.4619721948009906
0.41601203835985645
0.739905857320402
0.5099290983361049
0.7335604919671702
0.7839696813760966
0.7951888690221115
0.6497704249370801
0.6642592456700899
0.8541485238501497
0.7211812991679165
0.7740756422771181
0.8522671553852791
0.8072096043447021
0.9277931159913511
0.6635333382078848
0.6077643154241671
0.6847288424563698
0.7293327196970493
0.5749642921116136
0.4153521100320931
0.7597768755359745
0.610259670910354
0.6623203252933683
0.6954629363286691
0.7427956738188164
0.650459725444666
0.5222384501611042
0.5984279070818366
0.4788573300496321
0.5434821177103407
0.6063812981026204
0.5654242551082408
0.659181371479868
0.6843857917869495
0.7813497327819034
0.7641942093817158
0.8095658841651526
0.7036736464284254
0.7748253201689885
0.5510873647654826
0.8729917770140703
0.5625249607108675
0.4291577314763365
0.6623105465448648
0.706602828747238
0.5041682172216619
0.8173832460677056
0.5704296709023703
0.8883867755974265
0.4439904915295251
0.46528473068268783
0.7267047004985039
0.5231211116950845
0.5270870513878887
0.8335461098964149
0.6276525780812886
0.8444218502444155
0.6390022676376409
0.6962978385098637
0.4424916088349906
0.6374460148588429
0.7338406658733744
0.6943622285063696
0.550301160056505
0.5753013479287377
0.6234510655200957
0.7655140957742738
0.8846460564637324
0.6917416148974282
0.7415829620581477
0.7850386471405045
0.7773137614756255
0.6673245180376297
0.8156682911185813
0.7643976853055569
0.6457769418088143
0.6412256443497815
0.6381291646893904
0.6603353160334261
0.8254717579124242
0.8079562934369273
0.8865316674676974
0.776463124785188
0.8262008132842064
0.6775108158110209
0.7815477197633728
0.7759588475845193
0.5225260042757416
0.8030982320225925
0.5646805638361061
0.5752647316224202
0.8134969176792021
0.5220934121202776
0.788709729415226
0.9040720178341753
0.7407837462767216
0.6502929284915644
0.6528334306377321
0.5703280761195466
0.5619407025218931
0.8101432533744857
0.5409249602402697
0.6304506861546124
0.6648564385241745
0.4222200467431215
0.5854607189841234
0.6591799199841797
0.5027704585854684
0.6904202492884653
0.682170509672578
0.7308055059080355
0.9028720023201636
0.6238405216962544
0.7222927949170597
0.7054773062294191
0.577897912687575
0.712457486659737
0.6359790277782665
0.7488324789130395
0.47816641557935785
0.6826486298583361
0.849016220796786
0.7337543410070165
0.44326184084066683
0.37164520951210306
0.456818178261696
0.40355218154086114
0.7093005916799721
0.6652517790590202
0.4039322894177464
0.39139712147596023
0.6601283316173248
0.6109024370650608
0.41118642575029185
0.6755800555036697
0.44482861269748836
0.38101456165023967
0.6636107269307024
0.5083399896898256
0.6306137303634035
0.6667184754279573
0.4410002677226025
0.6719271101591263
0.9123424840716463
0.961575640134642
0.920998454511689
0.7853126965891196
0.5762871776540608
0.5207869885337973
0.7887280459163809
0.5862057817444571
0.7685449416665415
0.6325120816805085
0.4086513984913407
0.6273830638623814
0.7085107157947541
0.6165890368950722
0.5184189533046762
0.714272101084326
0.6975867831416918
0.6543017931684271
0.43457256277362855
0.5268483934679539
0.598741690607147
0.5143946808541934
0.623935127822693
0.7259672419018537
0.5476980971671479
0.7361034539691382
0.6048590899688259
0.6202121493927059
0.7572423873611152
0.5271319858708036
0.5545448074033663
0.8067211115333285
0.668672003444277
0.5474585036950411
0.5014291758965096
0.4244110892165302
0.770601356151002
0.8524191843439967
0.504532365848992
0.3928653972553407
0.731603039581475
0.5543526959972097
0.8168012471423715
0.7036653208997475
0.5019761006728761
0.6345157423425689
0.5700318982878877
0.7594726597045885
0.5381488396865196
0.5019762006063407
0.40119335020937735
0.38482182985431396
0.709684229589352
0.6950032929619551
0.6458164975536033
0.4291417559910127
0.5339742099654796
0.6022539304424946
0.5216805778451828
0.6213439373715827
0.7320731989468171
0.5375129245335586
0.7358852866464809
0.6199991540468025
0.6157913578443531
0.7436925111899734
0.5223646791158594
0.5510823456491654
0.8110837401895832
0.6572308302291973
0.5356042795927
0.5067191636243532
0.4213157163283752
0.7713561280059441
0.8518449065429428
0.4965943683435028
0.4033028352580053
0.7065485442399843
0.5489649997640974
0.8110451354959923
0.6763555550455702
0.5114760245323892
0.6501780345342143
0.5672725534253178
0.7561351483055151
0.5337607114162825
0.5133337080996696
0.39947652350587604
0.38124518375986804
0.548487202011802
0.5864212056162859
0.5857853420720868
0.5806341017385407
0.46891968876871276
0.46391663473076455
0.43258191776619254
0.6673572317518232
0.8109336857212575
0.7954815381444564
0.8973827116073455
0.8285874909110227
0.49837150917372364
0.5707157713362666
0.47392834771729353
0.6682942532381363
0.6747238304573091
0.8619314328890533
0.8406177675381695
0.7826715918670772
0.5009474239353446
0.7864455124217572
0.6533661087702837
0.6568701240222033
0.4506666452915143
0.8100374282333488
0.567375117821968
0.5547121017276933
0.48947234680002766
0.46564550257030257
0.25148390653720254
0.5441272224124214
0.5224605497654943
0.4176384681498459
0.4270699506520664
0.6093803919218832
0.6976454491868564
0.383057754332631
0.45188395585515856
0.532015798764903
0.6017652797079986
0.47158173917276197
0.7732210488211684
0.6544216017424229
0.6688855702958809
0.6245489442093332
0.5612489463704096
0.6678115263738948
0.4930876559822221
0.5698308856470825
0.5183192236294695
0.669386401068426
0.5775037053217159
0.7226176582003587
0.6013998210220705
0.4970986610743145
0.83085088755089
0.7457032698818363
0.9220624137255131
0.7850373117526764
0.812431060521315
0.574032710054805
0.7039362482539784
0.7275734349569426
0.9035357373264016
0.6150442624270638
0.6300502817685346
0.5520486785228719
0.7982993074616535
0.49493892729890443
0.44799931105079394
0.3326898627590015
0.5073923726938362
0.47626603098481607
0.5796315543194884
0.7978075959949787
0.8161388944922365
0.8401497791306786
0.7955994898290732
0.5542220844635791
0.7293517669256838
0.4386945473096147
0.5426583543757965
0.5641478499618082
0.8708006344795565
0.8617578045505303
0.84511270450522
0.6684835234006296
0.6121424461751668
0.5066375582946621
0.6538022325176888
0.8421561766947532
0.6134796222904935
0.8506027802431638
0.6287501870326941
0.6866803758116289
0.48449429648554854
0.7528111180785402
0.6288124981902807
0.506411519717094
0.6813449983459849
0.526789948544839
0.9011304210533869
0.6923891684222615
0.5522270780460903
0.6069222655361822
0.5574685235248148
0.6390224920680161
0.48830937569948607
0.4800734141222971
0.5854963560252634
0.584441434678314
0.43951962930673777
0.5818673924027267
0.7888277139038243
0.5115940268849869
0.7201327769286598
0.5688986715452192
0.36620916970859396
0.7220651989360322
0.6021343056391169
0.4962857337568256
0.8300801228935457
0.7455917699877679
0.9229539756514021
0.7848100706937399
0.8120270381305763
0.5746124563256045
0.7050801323175393
0.7284333765389378
0.9013492989908717
0.6146716768657203
0.6300089129689062
0.5530997943701731
0.7992600058223996
0.49519874775118367
0.4477302792643245
0.33273827525411837
0.5075040611780653
0.4759551677172109
0.5770352954600486
0.7978942622225604
0.8142895867800488
0.8410000678699728
0.7960757590177736
0.5545276713796263
0.7296393125987208
0.43871848008440606
0.5427429994648497
0.5642549118611042
0.8706176728948779
0.8620101119674313
0.845231272626666
0.6678185250373506
0.6127657793004079
0.5066333540753951
0.6538628112077225
0.8425620181953759
0.6134877656729357
0.8509492179545883
0.6283370701501598
0.6861974903491552
0.48628122794873974
0.7525933138147155
0.6289066256468889
0.5063426830268624
0.6811471600085041
0.5268665458429385
0.9015269245144952
0.6923941618568563
0.5513628911417687
0.6063835048567551
0.5577047251548688
0.6384678194190403
0.4882196490270584
0.4798974099382029
0.5857607847603431
0.5847449932854004
0.4396152653690323
0.5818029350251172
0.7884562421891024
0.511214737581724
0.7195827399951937
0.5688728765940438
0.3661753153596839
