0.5103789675152475
0.7902331801596154
0.5822690773843016
0.629943455717807
0.6632213767685795
0.6231967993809618
0.5892099364323322
0.7055394374018312
0.8404559918687948
0.8431971339508821
0.8060812528812636
0.44366598461562906
0.6663825648375413
0.4096190062253766
0.5618232712768693
0.8818686311269246
0.48505027351256125
0.7798681269967518
0.5408015966807401
0.42593015937610623
0.5201061415398259
0.6067299372947956
0.7991186386003832
0.6116716041080701
0.5076154792784003
0.5308641272771645
0.6077567532675195
0.8571165100226864
0.5571875343074183
0.5493260580852534
0.5560970599961834
0.5947231057495479
0.5484096955311393
0.8291693356998374
0.5332335802985033
0.7735715261539994
0.5973881417945944
0.8537718239291134
0.5932779627551835
0.6825999528121947
0.44279204537588596
0.5343807991321068
0.5881395168051264
0.7742426490571869
0.5062467977746644
0.3217610774163069
0.430443671093935
0.5259070254182627
0.4000436894107626
0.5482450726659786
0.5542031147732804
0.7641806087029622
0.5760861408103422
0.5549537406488937
0.8020021226358971
0.5416017474257077
0.4584976823729268
0.476747742839238
0.5278186066350523
0.635927950915696
0.8502495758217964
0.5201055607171393
0.6774108359015236
0.4638177457391403
0.6198644866323822
0.5243712844994102
0.570960673899687
0.5412731890802033
0.5755877869351637
0.8510365312073639
0.5362796938195403
0.7766821827505357
0.5082171119274291
0.8570833436920282
0.5510791653785511
0.43621999968900776
0.6712486375153114
0.5328816898281796
0.800385789675395
0.4343826503713207
0.6550157562697825
0.6872893697095606
0.8646125743583867
0.6003856068708455
0.526072919551628
0.6099836111109085
0.7481113771800645
0.5431077339939857
0.6040731541378133
0.5318386108712871
0.5660677347053866
0.6684500406757747
0.5152606929531417
0.725323837708385
0.644789631900665
0.7352273784986684
0.8214060768319272
0.5035668768469933
0.7161653651361103
0.5647259246955657
0.45674213138581254
0.46729149891673794
0.6120774269686076
0.5320583975404676
0.5630734805931211
0.891221124395555
0.8931506493120278
0.8394615572953583
0.7373274581452637
0.7419662979303464
0.5435419114767814
0.7261521878319198
0.5013485399382959
0.5458621859472743
0.858929057125776
0.6047194207977417
0.4196729769784306
0.7793038855890657
0.8531828139683869
0.7849738806340871
0.7587860732674866
0.7594159114126993
0.49467215208543497
0.5611225173547707
0.6584926568926599
0.6462658844498658
0.7264595591585408
0.7823488692367897
0.8110747651942637
0.6061003447206929
0.5895705848820154
0.6431846500167262
0.538716717364735
0.7171724225962236
0.4966814637415869
0.696370678154105
0.8053269790674346
0.6523928102806501
0.6933472849646478
0.5236104412343812
0.650370128128766
0.5494667954223345
0.46730171626888506
0.6699131742729041
0.4762803935713156
0.6102947154352574
0.6922295411157147
0.6067199101811915
0.8088443694266111
0.5945695433557526
0.5789810854585745
0.5951864872669622
0.4443038584436154
0.49511152108183426
0.7089747587734402
0.6162820490727039
0.5680853399308567
0.5791579208041284
0.7241498559226055
0.8141381457942002
0.7119240015448091
0.657544845942403
0.7105639462476566
0.45865502572024
0.5601189892888595
0.7934563606382392
0.4197236372299819
0.6648177962167463
0.7979638576047602
0.5835779801263397
0.45156791634268756
0.4457341973183121
0.7601748792847653
0.8898043042065509
0.8699049669025344
0.7270692455051179
0.44123191635645004
0.7302157078481141
0.6983447565182058
0.5979097404996193
0.5822542997780761
0.3885700221396749
0.8236161722720884
0.5678662277370791
0.6294678086067043
0.6669884007471394
0.6038357381365952
0.6043739441978746
0.7421464031827639
0.5738167788118164
0.6195187836504985
0.8713541364819348
0.46404960771224935
0.7624305171237984
0.5400755164145097
0.5925404748802099
0.7036766718034352
0.7761719834239263
0.709803575128949
0.6333736482166518
0.38202557234224654
0.6042758907058148
0.740928761625164
0.4868406122010865
0.7238307863306179
0.5208166035292687
0.510415970525202
0.46784733826548813
0.478955431131919
0.7241517333718215
0.7518608045228083
0.6100696220419479
0.7524634113889348
0.8474110576696989
0.7819809429370675
0.6556479680755306
0.470535032134025
0.6802098305808242
0.5583774682484074
0.8137071108294105
0.6525993363735606
0.8034992456188053
0.5431284979151787
0.49243991596393616
0.5350878471292416
0.900955930758815
0.7151003762855448
0.6835915175827099
0.45109204968079847
0.442059469156881
0.7671805213460833
0.8013899275955051
0.4808972755171939
0.7432032086920968
0.7364542456321247
0.6822129686603075
0.5349541870378206
0.7131489638317935
0.599754175561848
0.7247212644669718
0.636011840561912
0.7558711888666985
0.727031265863419
0.7403797216154039
0.4368553440256274
0.6972102028216125
0.4859781794154761
0.600350129609894
0.5298756440761107
0.6863380512187954
0.5705952662277096
0.5392248217399955
0.5910153331462764
0.7889826236275043
0.6236657331806694
0.5654456956188919
0.6920350518894361
0.39814373398012914
0.6967698119431833
0.4514719312665024
0.6461983863702879
0.4869293030687527
0.7442738820788106
0.8561886850684673
0.6471330776153069
0.4265846765442108
0.8115888179027034
0.47573163434534205
0.5402181843788348
0.6798195924677527
0.519103918276817
0.44863070104310426
0.578680996607486
0.4688171409865022
0.8126402947045647
0.5259212784868077
0.5858013907394409
0.7858214163702919
0.625869921961424
0.5742047936001419
0.6482561392715938
0.4738019914300363
0.5648222716429958
0.57420717091334
0.7392766561014489
0.7002130646210812
0.46248204538508386
0.5110847976541697
0.34720711599450577
0.37136295505601535
0.4876545040429826
0.7790241169183629
0.7401685435544693
0.4406133268936084
0.6743891113783982
0.4900930640543589
0.7018225250959931
0.43849081494107645
0.5276375342472001
0.5770488879270409
0.7174353803334974
0.6718609590143424
0.4098891650495433
0.646153425813632
0.8070964505002584
0.5444384220852764
0.539697830359454
0.43870091920354554
0.7142128402995518
0.6048727918413745
0.9286586192381275
0.6179951864199853
0.4154698328415274
0.7730004086765444
0.7301113211150492
0.7670246076456919
0.6734123385169104
0.5555019641805045
0.4406822802825643
0.43671843418156625
0.460098489583083
0.7590229543888583
0.7427523034900555
0.8776395815247575
0.6375501243825032
0.8433400448004517
0.6206523672184041
0.650419665187053
0.7832384463250888
0.692424213468399
0.4502928622345886
0.3636366808616833
0.6227255687573773
0.7646802170925673
0.4130028771015462
0.5610060187634754
0.593990309668676
0.9030504759336909
0.9325641746455524
0.8533946718577597
0.5720612572190767
0.8323685515841907
0.8520821352820763
0.9190207015906093
0.8325915963938613
0.7794357732466756
0.6868449751687962
0.5622637978219943
0.6399497074401939
0.8267532154867764
0.8938260458841509
0.9102895272331502
0.8985224608165677
0.6418502740764298
0.5821822829807425
0.514855258584484
0.5968797510690638
0.3991250906806948
0.5650140600315274
0.42005964402316115
0.606836915269181
0.5531551071873376
0.5928362141944966
0.806354991317379
0.5651255335880467
0.5852843629605649
0.4305573580172259
0.5636706729519347
0.7552852846389686
0.7043863246380759
0.44868638719387793
0.5663175024620746
0.7821433978865583
0.5729190589636629
0.6250910014633924
0.6240571693632043
0.6303587285048315
0.6410558886078139
0.5186803031662087
0.6969895250849106
0.49560683451709225
0.7105700592183593
0.4483582769163209
0.6554451718970243
0.6493018792286595
0.5044484631520763
0.49219774040139286
0.5712581537048403
0.7505385749131591
0.8297070574015347
0.344697723624197
0.6583428362266714
0.6115656460633699
0.6888529081160907
0.5702322692501963
0.7976667477615659
0.4917617587704782
0.5532072062334048
0.8173206206249495
0.41176113437262385
0.6086711409872495
0.516914159572163
0.532769736815979
0.6010868777231905
0.4783284598394386
0.4513204243903615
0.48842224543245194
0.42216473311417474
0.55848265879598
0.45872140932726474
0.6427854450001306
0.785791428725784
0.7307001404105655
0.40697803521461945
0.3603579058619305
0.5467399477706806
0.5841728583166138
0.5779404506153838
0.4862473315821906
0.6083510078568966
0.4794425798810271
0.5307742076681548
0.7629003248378048
0.6633052274340017
0.6744183950572343
0.8338329804643224
0.6720947981330703
0.5389481270821621
0.8048462333207279
0.5327618417231229
0.6668753681414056
0.3989622503687217
0.37172303810824714
0.4276210008535197
0.8337433746347319
0.8029704506146976
0.6197582536543115
0.7217380156521241
0.6486536130316274
0.3904422504289982
0.6075794426889588
0.7271867321678959
0.5287381085773432
0.4609617801560578
0.44650794274221256
0.5694543654786814
0.7367749940558845
0.8477001743612784
0.6889809191098588
0.7275026198514819
0.574963468592687
0.5008872081780446
0.628172818106879
0.6309929324552755
0.4983005038295272
0.7073206237413766
0.38512527895528287
0.3677132588303673
0.4089129913495896
0.6264785405524812
0.6208673611229327
0.6573181563162646
0.6853572346064791
0.4193868213035705
0.6101477534745617
0.5232955786659823
0.47002052527913407
0.4745934209702056
0.7320172000584049
0.5822238018930369
0.6057253708099741
0.7420635365023723
0.6094200899696217
0.5075059179527609
0.5256206870932848
0.6028294787154989
0.7934589370816724
0.8173504559142781
0.400687096745008
0.5386408152923564
0.5940509616139474
0.4571432091457647
0.6359594781215004
0.684618990538909
0.4468048588840257
0.5950016602044044
0.6574567690572792
0.5278954064445097
0.6729000757407554
0.4853738893663434
0.4130920228341673
0.6961203411091657
0.5989367796059374
0.5280056285780562
0.6200697774018905
0.6793345535798193
0.6221524364139557
0.5768752307897811
0.6035628868691134
0.5266921669931292
0.6428000401768389
0.5280435581501157
0.6724218554242392
0.48443778199566107
0.41878467886701354
0.7405732348253882
0.5989014012870547
0.5093778348089372
0.6457918387363616
0.6654084353404083
0.6225879716000363
0.5733725947770406
0.5709735555650298
0.8103003793725039
0.6304022862016015
0.6536811883327375
0.8829423303841544
0.7330756290921073
0.7871110327617836
0.46953217662773583
0.4744802369695429
0.5493269288643088
0.5078740871487356
0.5196317165223163
0.7998211351452412
0.6331619199286461
0.809652634608574
0.8813087492310787
0.5436333749380475
0.5467541692423667
0.43366743312906064
0.6257039826238963
0.5250421698863771
0.6586664010062288
0.5710782676203116
0.688465533642376
0.5809373857550775
0.6617068626084892
0.7356854658938524
0.9089891209346396
0.6794895126129336
0.446252311315647
0.5325241231395819
0.48620063764581306
0.7652711134914858
0.5905617971946189
0.7585410366627403
0.6028779059423516
0.45985061781392256
0.510132808453134
0.7438828179524128
0.5418155749765418
0.6913964271890113
0.9133702935330602
0.9183654820548292
0.5761942469934027
0.5938015519738618
0.5190581925982675
0.7191643952895153
0.8809136520979398
0.8568930743020162
0.6776577488113374
0.729580784789703
0.8094191873254047
0.3811314501862974
0.8720272805885796
0.7294177121531028
0.8888824993150557
0.9150966957089629
0.8324844742121459
0.6552524448588437
0.7585778878566075
0.8679313863454348
0.696248869235316
0.6540140285831626
0.6070375082411558
0.5743403045683686
0.7076009004660736
0.7447750817357796
0.6298837440136232
0.8960328064574966
0.7184948851868698
0.7359429944609561
0.8279404771649204
0.7073100999109591
0.6239949350644789
0.42546346057936385
0.44866527143504137
0.5804029150397049
0.48375655180522975
0.761651486325044
0.8141263293780329
0.6308891162320671
0.5274198478589462
0.7993551355985687
0.7808278984918113
0.48308480590634567
0.5399273366917811
0.7630592064806522
0.5361643073267939
0.606292939378147
0.48110999961177475
0.725668238114406
0.8071079098059057
0.794465418777454
0.5657083996820049
0.5819238530185351
0.6420894614280783
0.544690841132757
0.7216720300980364
0.49311199453260757
0.8372492028650382
0.6863828217631734
0.47651853290924706
0.4291076437477187
0.6617780298045881
0.6218158349503732
0.49905229984286575
0.5496087372444093
0.5109443572779448
0.6247262320097489
0.6392573151535365
0.4542177707727182
0.5107352719569102
0.727877784026468
0.5863109484090976
0.7358937554145807
0.5577734900044146
0.7052045952715876
0.7674163436857918
0.782456462300717
0.41268921772053346
0.5280640517281397
0.6326812223688003
0.799513864670528
0.5753340137487566
0.5175995352543709
0.5887285447980942
0.6711201977987508
0.45840760444393774
0.6553138048737212
0.83138617112581
0.5266733044935791
0.6714309782321318
0.47385638464551116
0.7180963397572958
0.782895126703276
0.7889856036827947
0.7740370808465153
0.7917067007136905
0.44813931040253535
0.5680560827718096
0.6767985250351559
0.7820437768738889
0.6430882314623504
0.6534891660400037
0.46884669823151115
0.726847240291691
0.8645183131319584
0.7234041947647886
0.7650664351201057
0.5530401174193187
0.40252295879234445
0.47553371369861486
0.4962089617116243
0.5497440096198895
0.5446889398497519
0.6738803572082533
0.6175477817457753
0.7204597610402522
0.8016321437748777
0.6294314725833751
0.5584386633909064
0.39753059800967927
0.6176063176170126
0.6351958933957383
0.48075294017427034
0.5542218573841572
0.6851689937589401
0.5299242449705613
0.6498022288679276
0.6864984847711666
0.5025082001554847
0.7468651238538613
0.5892699097190042
0.8388600058873321
0.5241460813767848
0.6757027026598037
0.5583590903994001
0.7200298000371489
0.6379362762234887
0.7353314918005089
0.4244256370953193
0.7287796491246853
0.5718078490917461
0.6632562573298921
0.5538814436637727
0.5070209066003872
0.8144057848359099
0.5152387053731279
0.6363495619060969
0.505789397343258
0.5678674861412765
0.4021004161345637
0.6750414677926335
0.7011479503357048
0.6329392209093154
0.43510640231860087
0.5042687988886386
0.6460685290549107
0.5133140194180311
0.7107147427939479
0.7197030446105653
0.4518156044217732
0.49971690018853404
0.7027281108518896
0.4504929336266914
0.3700791467053026
0.5237423558425793
0.6617524547394302
0.5462910541518854
0.8311798751031161
0.6075651556898101
0.4508175160167556
0.4715872916704223
0.661578219470882
0.8577132850013491
0.7793178146261569
0.5777305097610623
0.4775170928974713
0.39858034791390634
0.5960319514116248
0.7691863701793284
0.546518397383006
0.5935227079840818
0.6556106248740846
0.43132755040266024
0.6954794268009452
0.8702969929358689
0.6294304136915945
0.507673457243953
0.5187071898000546
0.8022212443444809
0.43997876441752054
0.6522270717014347
0.5060240938492815
0.5508982772112486
0.49937751323830387
0.5481775239516313
0.8085965358472685
0.49551890722747655
0.48252637118431896
0.535933573010291
0.683607488741251
0.7836653916268143
0.576415983452898
0.46073718822915566
0.6733295027959998
0.5034482419995094
0.4157916162811223
0.47598571785583593
0.8186228686097313
0.5082699879458528
0.5242740093872182
0.6210244027810798
0.7932262693742655
0.7146262151906445
0.44944431815415775
0.7611820136163234
0.6050789510155808
0.46642724494084803
0.5072827881430951
0.6434134269740344
0.39482904665105756
0.509617435075102
0.533500436066513
0.6889268034692456
0.6526650577718793
0.814733174354803
0.6963076230305355
0.49898457408483987
0.8918221552792266
0.607388501360607
0.6310230217132233
0.5392384402581989
0.5536283358019715
0.7475169700813239
0.6131239193599115
0.8249195473646757
0.4868242629434289
0.8094208729650014
0.4970525223602833
0.45079302628409024
0.5662936746287225
0.5188486309955338
0.767143122112007
0.6143825437453226
0.5128506793843277
0.896762254770115
0.5045069022655188
0.5674589975926838
0.5590850978332109
0.5313208101555472
0.9109477530702463
0.7211545859690944
0.844558103668529
0.9505781758639661
0.6268935166499586
0.5396011351254733
0.6521352998925763
0.8218259534408623
0.8258656095348357
0.7875303758662039
0.7385924292807536
0.9101164347377072
0.9042045954642957
0.7769067700408931
0.5625729660793248
0.540392088449838
0.8007256301975472
0.785730237393365
0.6765818818496285
0.783944499207846
0.7681248921937243
0.5188649781279293
0.5502668624086791
0.5196524556792884
0.8348363201282709
0.7451653156133192
0.7610036249359708
0.44590331361299473
0.5431106800754023
0.7769848923329832
0.590259618245423
0.5914992238939809
0.7188926676051892
0.47651115948666956
0.7161454769801043
0.7599160225948799
0.823142881736685
0.5352028755438832
0.4701995833884633
0.5997633294750788
0.3761369169545344
0.4724882307960522
0.5712747981314602
0.650108847189715
0.6441911405069932
0.7291261787542924
0.6991988165553484
0.41347902439042733
0.5500478767344166
0.6687854671854842
0.56016684924333
0.6512542044086722
0.5407701390623846
0.5755957987371226
0.42413933703483714
0.5696743394703103
0.7855365919009878
0.6212317456385757
0.49698194843517146
0.513923052173832
0.7245268089815509
0.7832475998420612
0.4938015094108596
0.5008393018127827
0.6701580190039744
0.6442802181840456
0.82250934392752
0.7475517105086639
0.4998721811711667
0.43746555535297255
0.6922749209767538
0.7055563291705396
0.6577914605572249
0.7855765260965577
0.7383085620050385
0.8505686659349355
0.8643582544781104
0.6486452620374206
0.3886445671634812
0.5884254059431476
0.504805911723134
0.8178065634201098
0.5896890389810587
0.7491608170090175
0.4729409924543924
0.9125867010727983
0.603127370803518
0.39479194396538697
0.4354248267427927
0.7194557435315068
0.6213629755616432
0.7202238940832579
0.8239695060937596
0.5493481329603692
0.53861928039413
0.7262807550368517
0.47969968785155626
0.5456015646797373
0.8714446814760739
0.8345167435495321
0.654250464239104
0.8390790857909357
0.6641789192945553
0.7020137806656622
0.7516569552357344
0.8542410290803062
0.46993928588663514
0.673566770583111
0.47132626257254123
0.7169813383221921
0.6024176761552544
0.6394465651039137
0.750329835778719
0.5343690037367642
0.7221602504385266
0.5517261991645613
0.48549331610018837
0.8507961287358309
0.8477194584585398
0.6301049891455013
0.5158796647190371
0.6414937457442867
0.8180776482774231
0.7674232576012769
0.5647288716529847
0.5046540718386285
0.5849209228119678
0.5550678330645131
0.7951250460596148
0.5822521135297588
0.47615117551932606
0.4428625199627617
0.7985049107410811
0.7210343036289287
0.4920186463664043
0.41773267472163245
0.6245629230754817
0.662944401724424
0.3894170771051682
0.5266132785730396
0.829207357022546
0.6851577255237553
0.44192631204937044
0.6684140739307786
0.8323569935403582
0.7490194773447292
0.5228754852998573
0.7102264284583292
0.6530609054270046
0.7396777340821992
0.6780625499715194
0.6600530820612664
0.4520363971988247
0.5908473913339345
0.9103547958743006
0.6596737756554204
0.51682709440194
0.4557798185081547
0.5195281794764262
0.48563411180811084
0.4914693643733547
0.8485086752562555
0.8280383844491419
0.8683812885555959
0.7430488044550215
0.5052549166683984
0.6628913097675314
0.48526704108232926
0.4065412753495016
0.5894861246158498
0.6371934501138632
0.5806407788574891
0.47937840486715
0.855980769386257
0.5575510192392092
0.7176694969112627
0.8253390854280962
0.46526057516929953
0.5771245635740486
0.6261252132959658
0.39751385535619926
0.6572674765143031
0.7916735009316224
0.7098535249338549
0.6002162421356906
0.6363073215269973
0.5220325171695873
0.5575820034287708
0.8140602819992573
0.7716865202124745
0.8894952485828667
0.4771136984923267
0.5720526787520174
0.6035012960352208
0.7000608922787976
0.745195409686459
0.6257560028080573
0.8390424316261248
0.3973206823396429
0.5799334258134912
0.6990968769887251
0.8650999587321492
0.6280598238288368
0.44796610572121703
0.43769924906284674
0.5477232785082661
0.629027957603963
0.7180083873745579
0.5454313229788835
0.5311615455044382
0.6393195226019985
0.680691987380205
0.7114305431240759
0.5423419446606697
0.9041997483767172
0.5947723044452613
0.5083857333652148
0.6311256457328723
0.5715721437106808
0.6679364699514897
0.43062495482792024
0.5468002080982419
0.8100146181461059
0.5529739382801356
0.5350514547616964
0.6151980867632443
0.4073541105703356
0.5306907883183057
0.6364340161281506
0.659729079249036
0.4741277689564568
0.7013871232627115
0.7342035428688264
0.7552274684619971
0.453270326657624
0.34652063000418754
0.536431945743048
0.5569038397910636
0.6468947260213964
0.6510015283189933
0.867851126874356
0.6527895709217729
0.5612163422182652
0.5594386924058405
0.650201408884713
0.5290353332495621
0.5163382032782853
0.6339442086376084
0.5318726803561108
0.708699587935126
0.6193103724742819
0.3676664922795426
0.5551925910487903
0.7873654328333776
0.6679307480157014
0.8309705041117545
0.7373218276755785
0.8892061264457944
0.847986150103996
0.4276964548312524
0.49094343775750393
0.6503176022829328
0.4818821474931233
0.8737789099152028
0.7766001136613944
0.44553981153867145
0.8721945936306273
0.9200437153493398
0.5075249635392713
0.7918462286520531
0.8020132912029092
0.43549231784211045
0.4658417204432271
0.8840914810787952
0.5159287163836553
0.7147093411630245
0.8795448398219418
0.5663630756012186
0.49473949812663015
0.5402949381903782
0.6484051890379982
0.5522274341111533
0.5919883399121968
0.8632821709383888
0.7661605978323374
0.7125420662538533
0.6698384695848442
0.5741386039902092
0.5849677136991489
0.4050329906740087
0.5242497455235429
0.6502324954930536
0.4838162056177631
0.8511735380786329
0.4436626657486739
0.5960488859133896
0.8514544606694529
0.5671416631069939
0.7606472832074134
0.4463493444540614
0.7747749861835425
0.6003026909452057
0.5485762963346503
0.5396866580596436
0.46885352642601624
0.8064155526479003
0.5901385303914142
0.7107780562131266
0.7518675609585443
0.6764786493016037
0.4734427102358951
0.5655315192271438
0.5861359486289227
