0.6992851425227201
0.8503976588355551
0.8232915373870744
0.902588553952182
0.6194298220733421
0.7557272398738311
0.40353011687104606
0.3970637023872533
0.5286123409474573
0.6095291450420345
0.6776180605156921
0.771740763591537
0.5360247039439735
0.5331318744627607
0.4446099616912118
0.4536696845848358
0.5996219686761053
0.43348051218086076
0.7577949780445318
0.558375313280927
0.4988681152693638
0.6119828619294383
0.7749777142015392
0.6043684591823473
0.7740455074948325
0.8711881561801508
0.7789723949822722
0.8084734746707832
0.47631223999253913
0.7269524180365673
0.42542991680667325
0.46607202692926186
0.5786817613735477
0.6421361426858738
0.3493276825950669
0.42759588916667435
0.5471700495540053
0.6257695988700481
0.6278663289302946
0.7094632387513246
0.5028868614013269
0.5390100613040446
0.486441179718332
0.7911137993995102
0.5186625744880333
0.644567008993679
0.8842024236382308
0.5592788666038417
0.43328168831235203
0.777237179025622
0.5441988195098343
0.7474989985493106
0.5450817647594907
0.574274264082399
0.4544705142312943
0.42353888110716353
0.8059283152602301
0.3377999524544158
0.6110021110216902
0.51285833972607
0.5954097635698342
0.7802629894571889
0.7429403468822685
0.6551665797236367
0.7950329949464532
0.7529497790894084
0.6273950653516006
0.8503881574563842
0.5561662110011311
0.7007707203666254
0.6650413783274821
0.7468884631307969
0.6305868874442577
0.5320639666843
0.5409227491706959
0.49983593185269587
0.5377779139436082
0.666736136624803
0.5772217674578495
0.5303138956556466
0.5396472874781594
0.5961229926088804
0.7017671121947379
0.4165383255822469
0.7477161339639048
0.4804801993372314
0.5413132852490481
0.6054486982391155
0.7080488597997635
0.6148919074202788
0.5513414744582406
0.5155850679886212
0.6292724911485943
0.583690526010891
0.6388155554596597
0.44539283095815346
0.526912837662332
0.5412704127076037
0.6774269185846181
0.5430634936273824
0.8081553734158566
0.4897254201008693
0.7735204777350996
0.7158580944737635
0.7734412357706911
0.6029349307181145
0.4879576371828013
0.7760752517634393
0.6413534829237637
0.6556614240014662
0.8351623211274617
0.729313340434409
0.7181620586153643
0.5374829391997654
0.6357807115547472
0.6394280333019251
0.6822653640915775
0.8859051326247452
0.7338569528241178
0.7037248761914198
0.7009689860383138
0.7951500529509073
0.5553644004787422
0.7502803010299249
0.6146185004826595
0.6211566067929384
0.6759797165699373
0.6858967502034167
0.5999128792091225
0.6708016465390647
0.8349432571998022
0.7666300080184287
0.41891637229672374
0.602521977458435
0.4518406735079962
0.5722440443642101
0.4671241051810734
0.7809346721009354
0.793859310555877
0.49736193698442044
0.633741283649101
0.544765312761503
0.5258018455624179
0.6360179555117538
0.6000156976726033
0.4493127254008072
0.2857389995993135
0.4697339731019946
0.6117740898639755
0.6251326342320691
0.8646238706901559
0.7397499006562809
0.8814606804396327
0.7140112062800887
0.8337757585396547
0.7577460332760954
0.8493210053620341
0.597250183452765
0.6065207883220125
0.5770393711329143
0.4936119744577833
0.39619061096235964
0.389532490592192
0.6631260004215359
0.6731528136035161
0.5817992627011184
0.8531898162268506
0.6714434490972757
0.6854633725735767
0.5839167587651556
0.5824197170861759
0.734505196766305
0.690158161301157
0.5744670982973921
0.6113746506913208
0.9000223497343355
0.6043146112324743
0.6429494399344885
0.5245296621722204
0.6662295516752781
0.40047478280704435
0.7945814454758778
0.6700964886182199
0.8789197504513826
0.5725532980323479
0.6824248404502333
0.6031211345145742
0.7114502272222235
0.4997136983398491
0.7200396080204816
0.7547994051833976
0.7903867411614348
0.5049844163734014
0.8396520202985047
0.6355587686503464
0.6066988691705761
0.7172966772584484
0.48022385006561136
0.44840013562350023
0.616137459886813
0.48970288073461316
0.6864880282907609
0.5254997419071867
0.894353993753024
0.6491072747377211
0.7249300225542901
0.5661962489197601
0.6462023177674744
0.6556304941673706
0.536645053517806
0.8606147694561121
0.6548230249252214
0.6215623947637876
0.6368799795354347
0.7309570236271583
0.5240995629293277
0.6089674523851679
0.5658309020284501
0.5251493534342501
0.8214421281781474
0.786863078122995
0.6922778779102636
0.8606452864519735
0.6410028466501886
0.4770632285709825
0.5980596693767759
0.5532341820995359
0.7981161186270272
0.6021170522701533
0.8243000948348155
0.7983252893134002
0.7564378297681817
0.8327902359421224
0.6145939887325087
0.8348846358676333
0.4813857041714313
0.5769288575783525
0.49730529593810996
0.8339888057047911
0.5696056375196148
0.701071799026965
0.5011429473521047
0.6164718874366147
0.7076260710199647
0.6694481868775284
0.805587627693364
0.5793354059718848
0.41353347176002725
0.5153207991762845
0.4881276883163864
0.5885693842466715
0.7952002220761575
0.5757907537114111
0.5176859051321778
0.4223435792746427
0.5267947958420814
0.6029548756160493
0.4561947873434897
0.6910225354561944
0.6083531118436866
0.6230049163720952
0.7277230885894688
0.7730718208502899
0.7606591370199868
0.43295907997571953
0.38563724498190244
0.5154752804085674
0.6175084168124636
0.5016835838758875
0.5144988752076247
0.497702705197004
0.7625414147412286
0.6512644128000703
0.6523040602058479
0.8709478553929648
0.6697904748842157
0.6647999555316313
0.6473565667543335
0.47998293952447657
0.5103374780900855
0.2825636478804699
0.6698690833300773
0.9090789326955654
0.9125969379390079
0.4979395883368849
0.5998214890605814
0.7072537846774896
0.7770615319378967
0.723182615795807
0.8199751084740277
0.633465041078364
0.6935836086518253
0.7032240297500052
0.5742684351487939
0.4485918740173796
0.842547541573142
0.8430100359542063
0.8055033294642735
0.7279620552407109
0.6351749358137061
0.5371146408099815
0.6495749967151541
0.8205051331119744
0.7704524451090043
0.8026915697338562
0.6394980226621492
0.7285819111334036
0.8354676665861819
0.6611372948968389
0.7813089159940506
0.650590594013911
0.7682474014170992
0.3818867874593538
0.5060115786293489
0.7804502289028405
0.6823241598934516
0.5771295229462375
0.547377956227366
0.5331178723260462
0.7237120362962105
0.8052398367029601
0.8494816801039221
0.6920968241665968
0.9167162702265149
0.6818834517872417
0.618462700097996
0.4883480221097356
0.5645880586100115
0.4379990567140167
0.6329008221999715
0.8080660924541384
0.8890388951943569
0.7343831082138274
0.7538709322843993
0.5118604170389616
0.5266873540979056
0.7178166648194659
0.6707309635715892
0.8956091584207906
0.9083591564692681
0.6902735048081767
0.7762319477105472
0.4583182296969204
0.4090113208271534
0.5016836765073343
0.5625170103743552
0.835604051882605
0.8870924710920208
0.5820530475165528
0.685861886999079
0.6610953957211818
0.41465517230173377
0.6869932636471754
0.8832594861038178
0.7267068322149502
0.8037338199632895
0.41229369257671883
0.39095249891344885
0.5523489273255308
0.6620480080258011
0.8637148386315283
0.6984001685316784
0.6577362944197545
0.572035141525462
0.5981488329746789
0.45989919179905114
0.29331088861941446
0.8066307463240262
0.8756283331910456
0.7769307914251121
0.7616539751868727
0.8049198169656183
0.771063220369315
0.49052762259163146
0.7055605702116384
0.8574849726318571
0.5168559439889155
0.6614013757090305
0.6881143324105199
0.5553210007941516
0.6769297947018066
0.5394035054111387
0.9115562791045078
0.82014005397736
0.7840673129533463
0.9163185652175366
0.9043618765986071
0.9099924886039151
0.5717677103594977
0.6608214476830879
0.45447594806569064
0.6329417815346787
0.4763072693648738
0.7441559566991421
0.7106667168155442
0.8324523589037373
0.6885489334222987
0.8621123081028058
0.8975507105746696
0.879758898717523
0.7590354225824534
0.6855397178566643
0.4182394229149514
0.577292607760462
0.7575759888662965
0.722968359249442
0.8255565867403124
0.5485053184138822
0.6812644240631407
0.4956741451747576
0.5284324039105337
0.5683974297462346
0.5846622069350812
0.5456951917258238
0.6897877982215467
0.5818202494257013
0.5073526457368831
0.549349282907842
0.8077761753252178
0.4087636631211908
0.5825264912680239
0.7568036503402693
0.8374282577257437
0.7957802431606557
0.8437008915423801
0.7966474123703768
0.9037635469163924
0.620172701473129
0.7293734919407497
0.8223177980165881
0.8704925289115706
0.6342994878846103
0.4828159444214132
0.35483838317475763
0.5909116748369235
0.8957759203821317
0.7181813937310463
0.6189579633448786
0.7022002807655875
0.7584334493484857
0.8039928028730875
0.657852802358456
0.5693201504834844
0.8170653915971018
0.8926727098381193
0.6795185718802693
0.49541164670225496
0.7330463213199364
0.7454047780307536
0.5645482831029167
0.7929261940699179
0.5306183825597306
0.58078674698553
0.4903842453371142
0.6018916524603252
0.7175589807140853
0.6706729688893617
0.43007635249690407
0.7685955045648916
0.48130112070587705
0.5945906878470114
0.5116626337330547
0.7204033394506658
0.729173876438348
0.7000081918143866
0.5759566972084097
0.39987880389898417
0.6792834908946407
0.4023795591199933
0.6240469604607403
0.6311649941966829
0.490962464741442
0.36986019768986894
0.5728094549509654
0.43653293649605546
0.6137480197924683
0.7106360584362825
0.666188672370249
0.4183079777521244
0.6427083509032485
0.4391165030669896
0.49462932500422024
0.7250392964759154
0.6023903849815395
0.6186665161694817
0.9172426753010335
0.7330232082396362
0.7352582350784154
0.6242724491552084
0.4054723728485435
0.4827116262251096
0.6729103686104045
0.5241677047565158
0.8008531010321276
0.7038337214617537
0.861114519246928
0.6522577383447881
0.7208626373521483
0.6282966696469041
0.792128741825205
0.7290189903321301
0.45113919338524444
0.3434699452067877
0.6610127223319967
0.7670517411416633
0.8482709933388077
0.6311694221503164
0.4505511131049624
0.5063154785035037
0.7511589792243497
0.7289922525136234
0.5835426915850348
0.8829169451562381
0.9122011688407103
0.863676383091236
0.5968871826577862
0.8214476752466546
0.8561889542511206
0.9115740829129192
0.8445216906205549
0.7683300519461893
0.7709474499918344
0.7785720691459201
0.48560429237996366
0.6314264914465042
0.9207881814986214
0.9236787408237098
0.9262635209739001
0.740979579787923
0.548720721539774
0.5036897810340566
0.5593013057366809
0.5356941131540862
0.6474558734544006
0.4621555412285942
0.5219534670857066
0.7029995712224619
0.5208971977576362
0.7305404284286277
0.8324045961218554
0.7725765774754846
0.45111961479213436
0.4964461505327768
0.6303095015214587
0.5346220457551701
0.7508082788978948
0.8568165555981364
0.48596178313615634
0.508574703731383
0.8199333958169269
0.6139280074802178
0.6381193697479041
0.8246523021239791
0.8353404992981655
0.49510933931812884
0.6342414548915488
0.49502059516141483
0.29692065288559505
0.8371285364463178
0.7411950850411217
0.8101148622256524
0.4583213741640583
0.5531688192699308
0.4841555262720896
0.6694496433995746
0.5865406437400085
0.7813589938438216
0.5175607444546627
0.6432289865915164
0.6440119089750851
0.72820275564296
0.5673622464881107
0.6347576484060168
0.4549413585994669
0.4722027817611504
0.6126983848227613
0.5677605339169269
0.592108752121191
0.46143562869628474
0.6459841496484467
0.7465268528254101
0.4781527834501905
0.6147424948341691
0.6994269608514319
0.5528483046374137
0.7829320829957486
0.691006596880601
0.6064564307946371
0.8684856988930816
0.45674039911096287
0.8648141586041227
0.5470525224404458
0.5752034439461355
0.6546072789176471
0.4445431967035628
0.7429655104390103
0.6752741632304889
0.5523068338283534
0.9061476844759478
0.5763289072720904
0.47631839508441365
0.5936603151045324
0.8725562524552986
0.5878231281261906
0.44048237222431025
0.5365473787449271
0.60114774799858
0.6618729055162615
0.8462441573140871
0.6619423499588124
0.8457458383031322
0.48262641398806866
0.4585224215632665
0.7641445057758285
0.8294140786240558
0.578952608869385
0.7253479204256215
0.678243037079888
0.6456984050316452
0.8767084945980119
0.5248224466406752
0.49755604567066003
0.6621379934375647
0.5130552906815531
0.8807845002683159
0.7052045952715876
0.7674163436857918
0.782456462300717
0.41268921772053346
0.5280640517281397
0.6326812223688003
0.799513864670528
0.5753340137487566
0.5175995352543709
0.5887285447980942
0.6711201977987508
0.45840760444393774
0.6553138048737212
0.83138617112581
0.5266733044935791
0.6714309782321318
0.47385638464551116
0.7180963397572958
0.782895126703276
0.7889856036827947
0.7740370808465153
0.7917067007136905
0.44813931040253535
0.5680560827718096
0.6767985250351559
0.7820437768738889
0.6430882314623504
0.6534891660400037
0.46884669823151115
0.726847240291691
0.8645183131319584
0.7234041947647886
0.7650664351201057
0.5530401174193187
0.40252295879234445
0.47553371369861486
0.4962089617116243
0.5497440096198895
0.5446889398497519
0.7341319209270866
0.542914277923704
0.7022559085836668
0.6229467177976463
0.4995125634908924
0.5336877554341101
0.6290987526880542
0.7514165181856411
0.712904969916411
0.6865316500732535
0.46177305487749387
0.5679105852633952
0.6715879278240705
0.5643310165809001
0.5391693442094136
0.552678360015412
0.6953181577513533
0.6179063090536105
0.877227578774175
0.7402639140078222
0.6503999605435811
0.8560709734080674
0.5542014225576913
0.48881559865591606
0.5988190822277113
0.4288172106883492
0.6119378939417168
0.5670990594560307
0.5715188238028327
0.8754513211526341
0.6359927710826695
0.8596512068979143
0.8224327252029987
0.8833865119457766
0.7571444777102319
0.4366556587998393
0.7625748488533429
0.4926618629240224
0.5814646816481951
0.6203571793689234
0.48375885677960057
0.7004649995201324
0.4227477238584327
0.6723344174230148
0.7940952485686669
0.8999092494615154
0.8510737828657817
0.8247055989216937
0.8410586694048101
0.8384427967106534
0.8495280652010553
0.7437194699435725
0.6774580589335027
0.49138739688578703
0.4551756922315886
0.7037943080935887
0.8096314839411056
0.8957213675295431
0.723437925638328
0.8593266882731534
0.6092717411007655
0.6323984337050634
0.7440989378242631
0.6561341224272267
0.6923263310261379
0.6060620409695726
0.7613980869307685
0.541717215047828
0.605901012585524
0.5683246259852154
0.7813751981333483
0.7269363051653333
0.8609729797319727
0.7312216451172644
0.5419087803779588
0.5951244834468242
0.798721446456867
0.8143912040781864
0.7441145538808615
0.6642091095079853
0.655337296256411
0.6024953576082119
0.6874989331312825
0.7266003052264115
0.8216654492212544
0.8066392099257135
0.7950897280770062
0.8904796184764846
0.6483097446017223
0.7399498549617303
0.7954240762447193
0.43232910164389915
0.5556265064909695
0.4917840862543468
0.6022074125520626
0.4845984417723132
0.7490209566541144
0.6856882470879729
0.6146740669751869
0.8418203652362363
0.6139013053277488
0.8835121229082505
0.5153762265641434
0.5921571932482739
0.8597459650249109
0.5945672981871774
0.5776256869030436
0.4970285437093763
0.6988639158765864
0.49852777170724755
0.7871997704505899
0.8405919210006415
0.8740801307175341
0.9115198943060303
0.9147868193256126
0.7679682367904805
0.5791116337068712
0.8604661219806452
0.7408112545615404
0.7101636707404831
0.41543215514484033
0.5507681369165809
0.574543226423421
0.6370788753389215
0.5504127211282143
0.5045128200193143
0.5132428379191581
0.8094193461534803
0.868338105631745
0.7045156831455728
0.6849069233016877
0.48796579532840123
0.6010603072817573
0.8749704047175793
0.5192033050010847
0.6544341064537074
0.7818494634248977
0.8843003651121177
0.8425350681885382
0.7462101637957866
0.7559694930054104
0.7004482621782823
0.7307174086571554
0.8212644660660484
0.5367603895326476
0.45145835873149287
0.4151598162296306
0.7264475019143182
0.7879882253611415
0.6023783272199474
0.5683418629656524
0.7377166623705901
0.5565722179066445
0.8252876841797109
0.6439334927103334
0.37386389422761923
0.44615900025505667
0.6116210314691017
0.5660889881607735
0.7779843662579328
0.5500252314782728
0.47802843133760964
0.6720492443447614
0.6789268698189334
0.6944704940328347
0.7841300039623488
0.6508414188399989
0.8135370292403669
0.5996150687026827
0.7784652288222611
0.6947026564225123
0.8784951984399472
0.8542419405716926
0.6473215191189093
0.675586162037315
0.8487532116629104
0.8104701597445271
0.9162272332185828
0.8186177082401779
0.5844805783522554
0.6534278176268314
0.6368015275490195
0.8246497395596591
0.61877332315424
0.666946059751242
0.7795080833625981
0.7969611206122411
0.8038446704963083
0.9096016976148923
0.8500881944450298
0.6477264923360676
0.5397000786773654
0.43650299099320294
0.6153585368468596
0.5860352645762444
0.7381602005032086
0.9411598709257
0.8988801097974726
0.914328647692949
0.6661183804416811
0.4399427117856336
0.49364667187466194
0.6142643217285132
0.6987289757802337
0.5896850724154556
0.7055741845854655
0.5529135605792673
0.44301443726549883
0.6233535975968877
0.47464134423656085
0.7668312931757545
0.5996657081365652
0.4055871050440577
0.5637987103458565
0.5156677361796016
0.5696079753279644
0.8577575111378276
0.8365853516947266
0.5728467894922347
0.9218786507886436
0.6163963966932795
0.758650531346482
0.8771725881908139
0.40318023271599807
0.5984718593110041
0.5391828870249128
0.6208368185958261
0.5809541966035762
0.6974053920531715
0.8793313604408706
0.8365400062843943
0.7944902416514747
0.6027100714484768
0.5844182536354252
0.4058396005111091
0.47060025226780544
0.9025394078085016
0.8206574837241998
0.551786283561287
0.4924717688861202
0.7411845827847442
0.6645152939956034
0.7011549020826457
0.6832970473690547
0.5386302032706838
0.7862654331539984
0.8829114275048074
0.8095307164994172
0.8998048610971936
0.5443518245927496
0.7357961734422503
0.4402652467746327
0.7114217997298451
0.5623831720956719
0.679410330635294
0.8573136396499068
0.515528484142379
0.851972289675414
0.6414666790260289
0.43640311642523866
0.7212044620877606
0.6430910463332751
0.529177880124021
0.7162912191997703
0.5223702739845305
0.6098616618026785
0.7371684923455734
0.5275277929285989
0.7197091130520128
0.8603459662276993
0.4601675750208933
0.5584070126647047
0.47455166479097066
0.5110293303366722
0.5224840913385862
0.5865003851597027
0.8633848085787573
0.6733013885047789
0.863416686702743
0.6585784751561787
0.7679988369056969
0.9088511543361664
0.8774207453223538
0.7131349811464501
0.3730432832742867
0.6160858400558408
0.6321028749906465
0.4515470564820755
0.5385078661073577
0.8348393561220645
0.4455866218782718
0.4379541279755965
0.5067656960571496
0.5112508360890007
0.8850404738157694
0.5496149299049914
0.42350042626989726
0.6267636306594385
0.6028060528569487
0.7415126317355936
0.5896395129536406
0.7744894567807844
0.8964753759759155
0.5813498390226784
0.8396733710788192
0.657400125216478
0.560009234251904
0.8807983975522697
0.691235446188306
0.5827153843883311
0.8464477778939715
0.3932316495120854
0.43921942572063
0.7682345006663726
0.580493369200301
0.662301390300569
0.5297077288187695
0.6658933494147256
0.7779390809410163
0.6094478469908687
0.8065257849837225
0.6270895915453478
0.6761122141662216
0.5309920471721887
0.7803473712460813
0.7583729809249614
0.42122216436317195
0.7477782070282417
0.6817974226510882
0.47626964387180304
0.7537803119165797
0.8457542603074665
0.840595964914196
0.6690856902476787
0.6236392576954254
0.4889210261458074
0.555041677526595
0.7613139899940902
0.5382330265800184
0.5933456043162447
0.7182000177385015
0.6159005496555136
0.478338738908784
0.7003053249170367
0.8120228620081524
0.49641949181084055
0.7303011003334272
0.4795578682139837
0.758036237314921
0.5647133657692692
0.5589640750688747
0.5439824108581729
0.5619787711379897
0.38147013326037493
0.4071319759612516
0.5101995225037426
0.7485563720816212
0.7778412806825477
0.5207347577693504
0.6844707676978572
0.4945810910264016
0.7558320887085661
0.8418367788209956
0.5749400457259619
0.7327752291828736
0.7682432550449922
0.5380740985011768
0.7971303540841702
0.5805170798950391
0.6336734452701845
0.7139479555691957
0.48026193243177234
0.7758091949046168
0.5491364405652056
0.5033183168316755
0.5804217195590111
0.6487994788467364
0.5667231442625091
0.7005663036210261
0.3834395410984345
0.46078822540530645
0.6239470894971191
0.5371034665418698
0.45899566635131744
