0.5776493351558789
0.6204248423957924
0.5570685098736543
0.5494936544576575
0.49810709356829264
0.530117582026609
0.7452137437614315
0.6442665975811732
0.6097251367688191
0.3613446681876368
0.46184040722791625
0.7667099175523261
0.7667819190497028
0.8929413815874992
0.6630075696879808
0.630657465807844
0.7208739490846312
0.6487044848481722
0.8406955921802209
0.6610735153612639
0.6670617744035938
0.4677349050449145
0.5654773839583637
0.4966289204908917
0.5407843816115169
0.4666275429981461
0.5915232522825821
0.4602890819176375
0.6116277666897277
0.5973785634064612
0.6143723853431297
0.5800146563485832
0.5854026558479625
0.6768310883456317
0.4615807348699529
0.46006918593893553
0.7619069881460455
0.6148813742261996
0.48080023783681014
0.39228719918311544
0.6210660445491237
0.7640366448526863
0.5408168681570468
0.5556256344607604
0.552111262749972
0.5015481610385814
0.5824149506375955
0.5476958601579378
0.48473309141768317
0.7705148642332267
0.6182110386499639
0.6552361156493788
0.7257635850675517
0.4078735332497523
0.5388925941969374
0.6180008396854256
0.5492805430376161
0.5563400211386356
0.49951266526430704
0.5445006091153777
0.630671918343488
0.6422962917141851
0.3934900933777248
0.46035651756260615
0.44033125625643155
0.551636051458585
0.5751707183970046
0.6067631088482563
0.639447718987139
0.6210607102689014
0.6313567866744625
0.5663737140623892
0.5111524290068015
0.599365116892524
0.608962291696915
0.5178572189496402
0.8240431846978046
0.4309399529839974
0.4075161497495926
0.5662220988721481
0.7315080080455445
0.4880753673796251
0.6523013321390632
0.4475186782150662
0.7368255140981304
0.9221580946003838
0.905621315954086
0.7688020081341539
0.5456204560380602
0.8151839428321433
0.8430350062809717
0.43312204263797094
0.5134288706786732
0.915530806600651
0.8163363243575131
0.7569382667797164
0.6687946537772544
0.493622992814074
0.653939059615778
0.7807731580455067
0.5102557445363783
0.5820940743561507
0.9099988361582496
0.8188471787543811
0.6282844345841461
0.43070550893775966
0.5616815127729321
0.503414274602886
0.4114724892046276
0.42688388585147397
0.5446498553502228
0.3155147275189534
0.5709761942812832
0.58064917612
0.596894977858662
0.5649678982808484
0.4794188868894457
0.6515608833492044
0.5718111416095886
0.6755508780731112
0.5252560315038752
0.7280396755282741
0.5068571317833537
0.38671688016522754
0.5017151615368717
0.6812759542964556
0.6474741815479362
0.693292858267948
0.6348962194317351
0.673896035196409
0.5042684697787897
0.46760923657275333
0.5888742179028702
0.38722235715458697
0.5545392218075481
0.476441158423127
0.7180917721561563
0.6853908149649345
0.606009499117618
0.6915997771584876
0.5129285240900319
0.7852505377960796
0.653438745496572
0.777435760339879
0.48236924108586776
0.789077527503524
0.6442885480253882
0.8946741205049604
0.8191719641731898
0.7334569674602697
0.5739606449166371
0.6287951650985054
0.5335129859318001
0.577017882078965
0.582552859891465
0.39713881355378156
0.36575088214787205
0.5337593778745313
0.47224620454675836
0.7072416941956607
0.6578348553012747
0.46364743372626616
0.6671163552613867
0.5815848011457362
0.46463867048569346
0.675010304593072
0.582555830325763
0.656776581784773
0.5797881240088383
0.3891017127630153
0.4874815267394318
0.4662620247401679
0.7240777555695836
0.4663588779706231
0.446932704551284
0.5299523723772152
0.5956111048394558
0.522863288533123
0.5529702348887859
0.46386100541665176
0.6190106663737265
0.6624514433025926
0.7264708294839164
0.6160914575997215
0.7152780260491475
0.44712671383550107
0.7121461243024725
0.7040382775266136
0.5349888050697665
0.4564585719997034
0.500175230496487
0.5431322434131841
0.6899890075372059
0.6174233923920357
0.6452086340847075
0.535185491977913
0.62861031314518
0.5902817120813172
0.5793373691869346
0.755185725875519
0.6241472600051267
0.4744488327577814
0.5668452084276
0.5663051050244319
0.655137628401392
0.6304405246377534
0.6672994870162916
0.670110760173713
0.4450984783254882
0.37827672590685135
0.44378910855088854
0.5751130977171257
0.7569296686159918
0.5829636404434131
0.5080161407259555
0.6451629925399647
0.48362145741433116
0.4532405910085607
0.5480218575516422
0.5366053595712305
0.595536278545182
0.6667963903656302
0.6474085243652845
0.7777969308601991
0.7092640430664376
0.8018935199641586
0.6938162848064005
0.4295555426627251
0.624109769347349
0.8871194037279501
0.708509954214434
0.7304341713102659
0.6477946526293346
0.5799221851100739
0.503180883630961
0.5766665813624515
0.4643394050402365
0.6223921303059492
0.6942002412269148
0.688152078609295
0.6090418141505213
0.4645975060268668
0.5054444917257513
0.6227291532783158
0.5390639105605133
0.4750878347255165
0.5692413441625571
0.4457499594654122
0.4279492407180919
0.5408519189482975
0.7107022428185317
0.7078340825405431
0.7205179967825636
0.6299371778998899
0.5572025988148914
0.6287701651073777
0.5176174923875914
0.7189176949635813
0.6864023316648782
0.4144912295150532
0.470560564897478
0.7060248995927176
0.541531416425041
0.5963883047016187
0.5311205936056762
0.6968913957965408
0.6827191775649474
0.6104060078082049
0.5518115181380684
0.4539422042191172
0.6706456228038811
0.5723172238412904
0.46304639753486104
0.6377259370209272
0.5520707896287084
0.6246863614631467
0.6227809153707591
0.6421252843945479
0.5299425445145456
0.4744979898224541
0.531964878225258
0.6252989355961759
0.7004029347247543
0.5601667510069108
0.47983862615883066
0.5148719926568367
0.5182714358226785
0.7199890698645379
0.8264149319556808
0.5771610378047014
0.42196616515096846
0.7226360362023938
0.7134621096048981
0.659624441803708
0.5491495370376319
0.5171997201362948
0.38376612964516105
0.47167727242697166
0.7683785184088732
0.7782204914580781
0.5986214316159972
0.7313578358809145
0.4801928146587236
0.6946786107457396
0.6600791999693152
0.4048721710464592
0.5567547051344648
0.5766156443170011
0.6543642113035947
0.5385827409634245
0.6603955962806148
0.4556032298176838
0.6838602685204429
0.43516409225621566
0.7236302679035729
0.6670962074702421
0.7638681231153913
0.6697441059529285
0.6324573771526375
0.5772231613462634
0.6255075846779917
0.646119803957539
0.5769845125773718
0.5506233603735585
0.5218670431622758
0.4890779997059437
0.6456007105451725
0.4070138039796274
0.4384514361717447
0.5618979952025477
0.4952490808078035
0.5917998269438252
0.29907137424459285
0.44379318496774806
0.5751127245291675
0.7569554985132714
0.5829861955362843
0.5080246665197019
0.6450026504622319
0.48403382752961327
0.4531482149993389
0.5479788868608756
0.5366103921323543
0.595517960853225
0.6677720034971466
0.648259704521667
0.7777478609321815
0.7092824257563084
0.8020099091044791
0.6937966745940638
0.42984142828620286
0.6239871773601051
0.8871292239709992
0.7085206678790303
0.7303603512695551
0.6478201470173324
0.5798417664012325
0.5032119888574303
0.5766016848181291
0.4643553162905879
0.6223640297283918
0.6941704157832668
0.6889542862785123
0.6091066755370115
0.46461230912031226
0.5053907637131619
0.622718964431467
0.5394641055650407
0.47503905614698316
0.5692095375722599
0.445897121743039
0.4277875438230148
0.5409500792822856
0.7107200941558218
0.707833800919194
0.7205070718399494
0.6299765515487846
0.5571415319426989
0.6288344808144538
0.5171825732908234
0.7189883394033431
0.6857754930738358
0.4144429929234299
0.47061764565478403
0.7060605260092537
0.5415461715206431
0.5963877648050414
0.531112272461489
0.6970330026355045
0.6826979459549778
0.6104069448634357
0.5518546848759394
0.45385098754261544
0.6706526806759414
0.5722479814582789
0.46307936816114226
0.6377329705125572
0.5520963416423494
0.6247783677707005
0.6228031870507482
0.6420995015020317
0.5299796909883985
0.47448362761566043
0.531836788101067
0.6253454680480861
0.700353578974131
0.5601899790902424
0.4798577352538944
0.514912248867562
0.518302751564265
0.7199334502849659
0.8264267261803782
0.5771547432213164
0.42199215784006305
0.7226545771825966
0.7134861560761402
0.6607250716280141
0.5491037082716091
0.7776560654481032
0.5178759961121293
0.38369271821218026
0.4716065944990951
0.7680436898086257
0.7767548477229833
0.5986835938929548
0.7312634719890675
0.4801539430944376
0.6947680482483328
0.6601130379149434
0.40488252200789415
0.5567383359098168
0.5766403294771674
0.6541924824222611
0.5383959922050401
0.6609040354930524
0.4556922222965541
0.6839835145715029
0.43546892529913384
0.7235920862357528
0.6670632757312245
0.7639124856380064
0.66970894988542
0.632446524630277
0.5778460710654141
0.6255194004038349
0.6460957709495205
0.576988026741826
0.5506144185672509
0.5218523777509394
0.48907301900011657
0.6456130170182187
0.4070328466998994
0.439273302454987
0.5619249842374817
0.49524455694263586
0.5918524798006518
0.2990976205572293
0.3181340820025689
0.5447133723414371
0.6047824421190638
0.5673668328489192
0.3999754111611349
0.3894581456909254
0.512078678573516
0.6112941593691141
0.46832327560416925
0.7710469907257982
0.6691570236976443
0.6632697872977485
0.6627826319596021
0.6262451480285666
0.5815212840135661
0.5478380935930885
0.649373978129006
0.48515282287111866
0.5573353002920481
0.5415816669117437
0.5296009006208534
0.6303301307955244
0.7062663868822737
0.5506716066325293
0.4385673943803015
0.4628114927140857
0.628125723833528
0.49047088454842885
0.6270158096458819
0.674675044289913
0.5871445962314192
0.5566651069102684
0.7794188764816397
0.6424948861103281
0.48281775415123834
0.32221785651861745
0.39328885237932415
0.5147495624009494
0.618110215730527
0.6302006991805816
0.8852581927695812
0.6791665821633285
0.8496499955459874
0.5831403843260454
0.8286462088550712
0.6240957096376785
0.49802400834743316
0.6749677610176736
0.4279278334767821
0.5133584179363527
0.46799782285923963
0.5800753315687391
0.6355971668337257
0.5772455289619118
0.5784338975934766
0.7055958007129113
0.7591895891809297
0.615613020056646
0.4928038775503466
0.7170615189128584
0.6097989329301144
0.554644621894267
0.4347913305469302
0.64269901740736
0.6312824686322865
0.6219941463720196
0.6436114496679974
0.595232297208764
0.6432346190029228
0.5808586341527598
0.6060502528591747
0.6571040973570458
0.5904086400701364
0.67487388689987
0.5298793717623327
0.8099748556468627
0.4460715087739612
0.396145462898451
0.4897978665960705
0.46735187548859575
0.4676665978784483
0.6499226397977985
0.5887390435004584
0.5988559158115768
0.6762112899632523
0.869698457873467
0.638764345187396
0.7005209507985036
0.800907224825499
0.653906902326005
0.6277132248519215
0.6432077646460187
0.5594882819243697
0.4989810130333034
0.4861406347319104
0.440971887567923
0.47912626745296205
0.2565063414193112
0.5441272224124214
0.5224605497654943
0.4176384681498459
0.4270699506520664
0.6093803919218832
0.6976454491868564
0.6514794153696318
0.5739621538255824
0.383057754332631
0.45188395585515856
0.532015798764903
0.6017652797079986
0.47158173917276197
0.7732210488211684
0.6544216017424229
0.654651463299398
0.6688855702958809
0.6245489442093332
0.5999270260515415
0.5612489463704096
0.6678115263738948
0.4930876559822221
0.7252954936180379
0.5698308856470825
0.47182928592912293
0.7800217326362429
0.5803695998583958
0.6202893829288254
0.7097146209834323
0.5324919899429025
0.4365733772664496
0.4894931852425246
0.5845475290374316
0.5022278820526688
0.6206775562286144
0.6837051538295003
0.6425794849072919
0.6030509381385031
0.8145764320719575
0.6394564905063482
0.6340414515153254
0.31516780165953434
0.35300600165570695
0.4763180232021147
0.44690302199508763
0.48210406750849993
0.6252336049565448
0.5183192236294695
0.8897973645943602
0.669386401068426
0.8625899390040396
0.5775037053217159
0.842571329608519
0.5835976140532372
0.5216867476097796
0.3883282092116161
0.44042901776440807
0.6755419518856498
0.4975308249710497
0.6096544862682662
0.658494869527279
0.602815432973644
0.47957226880407444
0.7227078557913139
0.6069938408488144
0.5240378240326236
0.40269226739275743
0.546553702386275
0.6210587607042084
0.6355983317092401
0.6323071728679147
0.586699288427798
0.6413565899566478
0.5852303651071259
0.6195961781748515
0.6424377971014413
0.5890281694870779
0.6910243717727573
0.5317500361927594
0.8093294045821153
0.4768264283526619
0.36800876853461484
0.46719602111038117
0.5199113355086769
0.46015448161640016
0.6521933734583901
0.5759164445307771
0.6000625980031794
0.6683095466948181
0.8678258022285507
0.7187228870519912
0.653022160836331
0.7090678432552642
0.8064172048965976
0.646248833948037
0.616883453697998
0.6422452260744913
0.5603296925320372
0.5140323934794089
0.5423744293386042
0.48615043895365734
0.32099377643547783
0.36186912632984347
0.5657559053918069
0.7915998124898135
0.7300121938336608
0.5272377513254123
0.5429982976462516
0.6876538319212617
0.6766765693310192
0.6651229116948082
0.4799632512133627
0.4812611761312041
0.3713813833059578
0.4800757641017249
0.7239351663164049
0.692221802387362
0.5594894259215679
0.6624334596495557
0.5014321864100556
0.6158402930548315
0.5791827735146285
0.5024526091255673
0.6156231651489644
0.5072474426532015
0.6275306887427756
0.5472283275938419
0.6491249987091456
0.679685145277171
0.6904737860037347
0.5800793208886439
0.6458900441254636
0.5542841860580506
0.593683735234015
0.7015794880103157
0.7639269335153664
0.7865928025937144
0.7828695673981477
0.6439278573404534
0.6317996143502513
0.66520240361916
0.440724991678141
0.6747831240993203
0.49706472026158427
0.39563582038229184
0.4697295075123137
0.5220630266852052
0.5833164162014819
0.5828445358295621
0.5275714921128988
0.5881598070974442
0.630241144966723
0.5353230053066621
0.6350155102317877
0.4075153550267072
0.5686976173524412
0.5377040279370393
0.4457463708670911
0.4443991119892012
0.5349060619411504
0.6756788589157046
0.6122632719027542
0.5522788485606861
0.6160256948071827
0.6574072604649194
0.49845951002567734
0.5560470389493273
0.6494817117696033
0.49429560135456035
0.6394237200056363
0.6241047536282505
0.7077684652192952
0.6262734274186468
0.5233766121173224
0.5977780038028504
0.6871600706188156
0.6209841991334876
0.6057924996046861
0.5661967789254636
0.405968237467378
0.7412243913886831
0.7921468890620305
0.9031988106200537
0.745477060395931
0.5462549390217135
0.3824542263641158
0.584992967452288
0.5143662642793482
0.5368888807030364
0.6646826965035312
0.6969343880710694
0.6671902927962069
0.5059833249487743
0.44482861269748836
0.38101456165023967
0.6636107269307024
0.5083399896898256
0.7250323534147076
0.714242242836336
0.583067762270369
0.6121225005882506
0.5060505552564728
0.5619147632661233
0.5691031950526045
0.5925865435150007
0.6704529493379074
0.5060973468423621
0.6333858256304848
0.5379154959413268
0.6510750757894059
0.6769612697204129
0.5868288747208108
0.6271747520663975
0.5714819254994963
0.5975448542732655
0.6984119257822039
0.792377845430748
0.6619830645277573
0.6306137303634035
0.6667184754279573
0.4410002677226025
0.6719271101591263
0.6886242023748933
0.7559441554392738
0.5370728943368627
0.40564175026638605
0.49296814246536763
0.5280861795517665
0.5788017749798521
0.5762871776540608
0.7763167193849101
0.8361927621397769
0.5207869885337973
0.7887280459163809
0.5862057817444571
0.6273809903228227
0.5263919989882414
0.7685449416665415
0.6325120816805085
0.4086513984913407
0.5594937932114116
0.5305452664671577
0.4374150982677586
0.4422599468191855
0.5489253291682402
0.6729388252007106
0.6065921804102801
0.5607877785566541
0.7039236947527403
0.6186670106404155
0.6725405721236521
0.5016396539967295
0.7198055970811111
0.5665062142614353
0.6231703613958979
0.5111490332156298
0.6550384099471829
0.6273830638623814
0.7085107157947541
0.6165890368950722
0.5184189533046762
0.5986735920001516
0.6937032979120973
0.6299113694659342
0.6113845974494605
0.5721675577881516
0.4049632940308074
0.7348362970328082
0.5066718731571331
0.5287156673427413
0.5309286411234303
0.6118573104957757
0.5886839705183655
0.5996856515816149
0.42698812416934273
0.4857068600257542
0.5352494252261507
0.6295067034704467
0.6062437145740807
0.4061844931590312
0.565926438911557
0.6313986076377694
0.6536128316842201
0.757446841922906
0.539596122371347
0.5644701261177879
0.6428962315471134
0.4157169771146621
0.5375971411846381
0.5829948594026481
0.6466986444549799
0.4984717991630359
0.5592961226255146
0.38825110503492344
0.6540212673327892
0.5794465802264501
0.4366686404117462
0.7130510252652877
0.6272671252299578
0.5673207514167945
0.49091491597705145
0.41662260477656177
0.5692770505500925
0.7871976172171077
0.7471674619114776
0.704412946331343
0.6452676312338418
0.42394442643003005
0.5625228017313071
0.5595756104519375
0.5716413511746682
0.7518861444746218
0.5893182560342173
0.6348327152483633
0.6725592579854914
0.49334173163385586
0.6194534920291416
0.37399741833271954
0.4851266511817731
0.41640598506991455
0.4815609314117282
0.6758578186986757
0.7521260944568935
0.6004493372925046
0.7727099449938429
0.6120249950275443
0.7194678964340474
0.5140590281403096
0.506865698929467
0.5929477327015643
0.5216705480681364
0.5269393368050636
0.634502404050093
0.45617960622749454
0.5597279468205651
0.4101043613173798
0.6619260955497749
0.5377183651823856
0.4729602575746214
0.4433034184285596
0.6714980833781623
0.6327796586158246
0.6244138327155574
0.5545370302478028
0.47235001492313106
0.7616189270062707
0.587243067095863
0.6544095855380672
0.6144123578956179
0.5123668640078605
0.37873885340740343
0.526417072173534
0.7506402915631158
0.7343578459842309
0.5115236999572805
0.6654692471751092
0.9183298478334239
0.7057739013642954
0.6935414981988887
0.6628949939677055
0.527533686264198
0.5587312105751545
0.6455230751533926
0.6124724124287254
0.5720666810483287
0.6687198122614169
0.5422105960674131
0.5749269185769192
0.6780259765481473
0.5065687006657834
0.6282818415346358
0.369698423135679
0.6325048848682233
0.6138821156765406
0.733364824275577
0.5380531429751881
0.6381515037851608
0.6439531336101219
0.5768847137552444
0.7658459041997948
0.4991034561588211
0.5138216699573726
0.5015018887916314
0.42259074317743434
0.6140959770274077
0.7970147099891397
0.5892039826714286
0.6417567968413468
0.6931852828001057
0.6456294705880772
0.6733253569919294
0.6592336424683302
0.37635305512432343
0.5434801516799488
0.7879891159867268
0.6450775886854128
0.5768472380979417
0.7738369629066073
0.4799141185475508
0.582269550571978
0.45951219270396254
0.5190580538736345
0.6724514570498296
0.5364966819835549
0.6837519262179458
0.6822195408328713
0.41821552484695323
0.6031647852852426
0.6479780929381308
0.528891939481338
0.7503368759943443
0.724871410804421
0.6747993303463992
0.4895555855594347
0.44782084465715943
0.5260903002435755
0.762467178192433
0.7897043543847291
0.6791646270364513
0.492831421752081
0.5770161078638674
0.5123713970848653
0.7277493654850382
0.6320485784009233
0.5729442876013309
0.3026773307961342
0.34184134456077403
0.6389878202250154
0.6257113007316399
0.8410614922349118
0.7053925231089951
0.7125278180266877
0.6800816250291514
0.6091692015503738
0.6359766679130601
0.5033886751027484
0.42960599227381274
0.5441982347857992
0.5806780141447093
0.43395289304539997
0.5866744930704582
0.5485297762463369
0.510990756624172
0.5647637593446887
0.6877740614962154
0.6754564371330986
0.5736855036593203
0.7097320929971674
0.641714168546258
0.5185632430810424
0.6128019024713999
0.43724914053058456
0.4276351368273971
0.47472180018503546
0.5654339137004197
0.6969219667015022
0.42959736374052926
0.4676458545132478
0.5029934472606332
0.6508733787532169
0.5322925719935946
0.5877409839038129
0.6405816790195062
0.4331894180850167
0.48585357976815696
0.449946731125907
0.6883190614046902
0.5674553697674036
0.7002786604917363
0.7210386998661178
0.6463994515238654
0.753845012855606
0.6052455941199386
0.5781277480512884
0.6376521250899135
0.46895545763236396
0.7110140621315144
0.6188302693140689
0.7505402620300407
0.7700348662320708
0.5698076996527769
0.7047725058899104
0.45186356551801987
0.5819816966341209
0.5786244668383149
0.5859060396849247
0.4228834017852144
0.548634605563059
0.5673361185321737
0.4863239120292614
0.5023130679325637
0.6553829466621551
0.5407117859024084
0.4765469731444084
0.637067751580621
0.6672430128386473
0.674856716209634
0.5339593589842114
0.6450381584469539
0.6564035602568388
0.6022216135886148
0.6011479858292964
0.6117769089176662
0.7445858318424858
0.6197544982232904
0.8802878975536337
0.3947996245137027
0.5393391157586948
0.3841700437086398
0.43648420755178974
0.5707952712600709
0.7009103571743107
0.5818938445104667
0.7653351838499346
0.7525783874409266
0.6923129937909605
0.6550339855577585
0.5070828494718833
0.5269609633091848
0.49020424671373514
0.5543420937668813
0.6161138202234656
0.48896065443946735
0.640276555911997
0.7758846534241176
0.4517713969228433
0.5124694393829019
0.3978115678679408
0.6851463082452922
0.5098405832285332
0.38904472007444735
0.46506127550093446
0.5804295165798127
0.6888411242208636
0.5779888767798383
0.555145304976194
0.6943728293509639
0.4680576047358399
0.6009484302201418
0.644500631182856
0.5293963936617427
0.46916777206018345
0.41194082257292386
0.7646268161794099
0.5344883930868279
0.6549164108015102
0.651290279552299
0.7487936679490294
0.5879812896817113
0.5320414951569357
0.547376663952201
0.6849160345514509
0.5341427586804599
0.4901815080038468
0.6419578632119188
0.49794623572527563
0.7113179730919728
0.5988337006764672
0.4760298177199269
0.6064417583392365
0.36602198405057634
0.6148858167953773
0.5867677273796634
0.5420603779520682
0.6282413575510201
0.6548682241848639
0.6072989061175726
0.4812110770000104
0.5074873437217515
0.7121061302934277
0.5251125209250238
0.44829500441755105
0.6387414435295908
0.7981760209428861
0.5189011592374204
0.626964336464977
0.7012003997499066
0.7747764201502897
0.704412135469922
0.47077322070382455
0.5620447655037533
0.6677692580780492
0.6722664219766069
0.7754175808759003
0.4296812794252299
0.6027011801343402
0.45876826002888144
0.5380679004143816
0.6649569207867518
0.5366878473554486
0.6701849092821922
0.45632452695015224
0.6052974539183318
0.613135843470082
0.497222702443637
0.5922264400081787
0.5665674030383222
0.44951265676223656
0.48996938457854966
0.5654057530334451
0.7771376049398618
0.7483699049905093
0.71982726712751
0.8400131625128827
0.6778148703924417
0.49008487996812705
0.6440374936969744
0.6409704486289244
0.7486931640174973
0.7321528037161951
0.6334547855927899
0.38158581609718656
0.4684559935636942
0.6799651038893574
0.7561440708587724
0.8934493275725817
0.8646574545339182
0.8085004955244711
0.7696354593074913
0.8022374626061266
0.6323952412304966
0.5449808752109949
0.6467973493425216
0.5295797679982835
0.3946573362829968
0.5950065463161156
0.436209953437649
0.8137325889951178
0.6805193528488891
0.5040874726163016
0.5837446882114136
0.6733950154628963
0.7197436470481117
0.5755347637930422
0.6542503768771746
0.6338279572063916
0.5691137065643995
0.595218942366835
0.43152928761410114
0.47866733412192847
0.36422336153168494
0.596784988906716
0.5222425795994107
0.5876039606986387
0.5912255034733966
0.4195296991693714
0.5635572261679889
0.486882564210144
0.599254661827631
0.7427504875578226
0.5736560044608116
0.6000812565230067
0.599243372907978
0.4697002834764365
0.5103237721623048
0.4729411353805249
0.7052584361628562
0.5328788331828344
0.7062278058323717
0.6968894269465875
0.7214245167794217
0.7648708796489986
0.5547354422315182
0.7948489819746739
0.5653295284301448
0.8195894128746043
0.64046460329461
0.4580423675261822
0.7028893636622875
0.6758697697081573
0.5953342755977237
0.7127186955846323
0.7442255473470493
0.5317398118081272
0.43372705323702065
0.5796620365911894
0.5602820970431365
0.6685644355964552
0.43061793412707455
0.5739323277414544
0.7089147942841387
0.5304839213929234
0.5255938249071073
0.4887734503105253
0.6366733439333263
0.49549245126103636
0.46199470224284
0.6826872157193756
0.6381345658969428
0.6945678876968301
0.5086163606111404
0.5852291717299335
0.6065389438159808
0.6108516604530961
0.6942561149879304
0.5682477355845087
0.6613785188835993
0.5657142995778096
0.42280045656617693
0.5543576464428861
0.4851266511817731
0.41640598506991455
0.4815609314117282
0.6758578186986757
0.7521260944568935
0.6004493372925046
0.7697145803237285
0.7727099449938429
0.6120249950275443
0.7194678964340474
0.5140590281403096
0.506865698929467
0.5929477327015643
0.5216705480681364
0.5269393368050636
0.634502404050093
0.45617960622749454
0.5597279468205651
0.6529808933523854
0.4101043613173798
0.6619260955497749
0.5377183651823856
0.4729602575746214
0.4433034184285596
0.6714980833781623
0.6327796586158246
0.6244138327155574
0.5545370302478028
0.47235001492313106
0.587243067095863
0.6544095855380672
0.6144123578956179
0.5123668640078605
0.37873885340740343
0.526417072173534
0.7506402915631158
0.5115236999572805
0.6654692471751092
0.7057739013642954
0.6935414981988887
0.6628949939677055
0.527533686264198
0.5587312105751545
0.6455230751533926
0.6124724124287254
0.5720666810483287
0.6687198122614169
0.5422105960674131
0.5749269185769192
0.6780259765481473
0.5065687006657834
0.6282818415346358
0.369698423135679
0.6325048848682233
0.6138821156765406
0.733364824275577
0.5380531429751881
0.6381515037851608
0.6439531336101219
0.5768847137552444
0.4991034561588211
0.5138216699573726
0.5015018887916314
0.42259074317743434
0.6140959770274077
0.5892039826714286
0.6417567968413468
0.6931852828001057
0.6456294705880772
0.6733253569919294
0.6592336424683302
0.37635305512432343
0.5434801516799488
0.7879891159867268
0.6450775886854128
0.5768472380979417
0.7738369629066073
0.4799141185475508
0.582269550571978
0.45951219270396254
0.5190580538736345
0.6724514570498296
0.5364966819835549
0.6837519262179458
0.6822195408328713
0.41821552484695323
0.6031647852852426
0.6479780929381308
0.528891939481338
0.724871410804421
0.6747993303463992
0.4895555855594347
0.44782084465715943
0.5260903002435755
0.7797546842873155
0.762467178192433
0.7897043543847291
0.8561234847115821
0.6791646270364513
0.492831421752081
0.5770161078638674
0.5123713970848653
0.7277493654850382
0.6320485784009233
0.5729442876013309
0.3026773307961342
0.34184134456077403
0.6389878202250154
0.6257113007316399
0.8410614922349118
0.8713894457484793
0.7053925231089951
0.8068403957391231
0.7125278180266877
0.6800816250291514
0.6091692015503738
0.6359766679130601
0.5033886751027484
0.42960599227381274
0.5441982347857992
0.5806780141447093
0.43395289304539997
0.5866744930704582
0.5485297762463369
0.510990756624172
0.5647637593446887
0.6877740614962154
0.6754564371330986
0.5736855036593203
0.7097320929971674
0.641714168546258
0.5185632430810424
0.6128019024713999
0.43724914053058456
0.4276351368273971
0.47472180018503546
0.5654339137004197
0.6969219667015022
0.42959736374052926
0.4676458545132478
0.5029934472606332
0.6508733787532169
0.5322925719935946
0.5877409839038129
0.6405816790195062
0.4331894180850167
0.48585357976815696
0.449946731125907
0.6883190614046902
0.5674553697674036
0.7002786604917363
0.7210386998661178
0.6463994515238654
0.753845012855606
0.6052455941199386
0.842047966775812
0.8901867152198297
0.5781277480512884
0.8201806753377288
0.6376521250899135
0.46895545763236396
0.7073679940787407
0.7110140621315144
0.6188302693140689
0.7505402620300407
0.7700348662320708
0.5698076996527769
0.7047725058899104
0.45186356551801987
0.5819816966341209
0.5786244668383149
0.5859060396849247
0.4228834017852144
0.548634605563059
0.75311575326151
0.5673361185321737
0.4863239120292614
0.5023130679325637
0.6553829466621551
0.5407117859024084
0.4765469731444084
0.637067751580621
0.6672430128386473
0.674856716209634
0.5339593589842114
0.6450381584469539
0.6564035602568388
0.6022216135886148
0.6011479858292964
0.6117769089176662
0.7445858318424858
0.6197544982232904
0.3947996245137027
0.5393391157586948
0.3079441617621774
0.5900887063478013
0.48764971272565116
0.5281692730864611
0.6197856005010081
0.5429482499415927
0.5863453972307294
0.8046969093868565
0.5748899758357627
0.5711697759603277
0.727866177552015
0.6187535155799361
0.6391032602622944
0.7803239223616438
0.5461368986270153
0.603385201058846
0.6243238132137335
0.5722443551408761
0.729332116216605
0.5458849759657972
0.6553959174942839
0.7072907345146181
0.6879930782733601
0.5857239895897038
0.673892148190485
0.8055304007219797
0.44446697965013415
0.4847790673583855
0.49611911515077617
0.39367740347653646
0.41931197000676235
0.5128922105423486
0.4357258271594204
0.4823272931326375
0.6577417003565714
0.7061934634359992
0.5298750142921149
0.5397254267646208
0.6019514679179312
0.5500346145197872
0.7333007005136407
0.5468866987343898
0.6256857839729831
0.6497809784461199
0.5858141105378686
0.6379150087821818
0.7655453361465359
0.5508795556834221
0.5857248936011143
0.6010101232212963
0.6463261382798497
0.7063077788053763
0.574454956769566
0.8428740261803732
0.6683549142313178
0.6336763786094923
0.5569771156107933
0.4464227962345617
0.40467599128351595
0.5461516055143392
0.6377449802265479
0.5508159789959897
0.5649217976273065
0.541112834360375
0.4581797950529432
0.6291048841076461
0.5821303190608527
0.6025177432171286
0.5787283588197046
0.5746547469067266
0.6326223821083654
0.5786426156258859
0.5177327857769805
0.6775457871030807
0.5412859938605648
0.44294665153465645
0.6134481822550903
0.592371535384758
0.6052266365301153
0.6590334246467406
0.7536571793782489
0.5695717781180031
0.6613261227550387
0.4892074091681661
0.5204527478878433
0.5205363515813782
0.48833335854496346
0.593896428268069
0.6912066375349019
0.536843826382969
0.684347581926783
0.7456854130417523
0.8159364687257741
0.8147311796014866
0.6657470658121817
0.630693021794036
0.4581929330636798
0.44310471955189273
0.5018510654792133
0.673945149451097
0.5053822063413718
0.4198096795617366
0.4617805884193344
0.7613957196343976
0.6746863721733359
0.5242153864880058
0.4697808191419468
0.7202945596469161
0.5795041038580033
0.6584571842983842
0.6603761470674202
0.717589647375342
0.8400100793216493
0.8598020721064613
0.8995507670758042
0.5764296022983217
0.6665688266669487
0.378586223734982
0.6174675635355653
0.540086452735795
0.5756530243481736
0.7603594197779674
0.8888015443983723
0.7619710766586069
0.7655888811821523
0.6017600100054368
0.6266733226161773
0.561824161719697
0.5891801473651704
0.625271972925055
0.577419549303566
0.560878914249304
0.4720245733399223
0.4950236598744182
0.4505399063494905
0.6686555239661147
0.729149629087739
0.7083198912405372
0.5734955468573933
0.5716187417967367
0.2996587058297694
0.31569921736900924
0.5997484456525238
0.6376270662815966
0.4826487354633911
0.49231946739936544
0.6343301312053271
0.5588356644561467
0.6194908602878368
0.8059392594968483
0.5599871568901179
0.5981354842927605
0.7268444529248412
0.6241721314205552
0.617967810229867
0.7805935527761818
0.5497900632300704
0.6145568102852559
0.6214080865397488
0.5758599532309179
0.7196611888086097
0.5525141853799221
0.6522518723899327
0.7031462684849203
0.6955996934047375
0.5889157229862636
0.693337306636068
0.7973641765566813
0.4460658409139853
0.4884769795899958
0.4947318030390091
0.3849877019458037
0.43056884202894186
0.508643827668058
0.43325724140922756
0.4732223733059541
0.6545537101131671
0.7043136328003087
0.5212166233262321
0.5426578736177886
0.604876806443541
0.5523826843219989
0.7213812344065287
0.5564828010531679
0.6184581906714547
0.656680746424255
0.5906073927170215
0.6418965195166008
0.7681864704647592
0.5496657924396221
0.5898993406952802
0.5911614257683613
0.6450326296931306
0.6900634964672314
0.6089553501740499
0.8291124154953325
0.6781947523506348
0.6104489917306016
0.5876874087240803
0.4433366200613873
0.3942308352788545
0.5312935959821329
0.5755752785185434
0.5190126603178402
0.682192243662338
0.5352146579989495
0.4687370486098381
0.6613592642625973
0.584798201160335
0.5895158579777341
0.622746785775295
0.5533303968525793
0.6513172358444856
0.5770923211479455
0.5050215734786763
0.6953682439195767
0.5245997852060834
0.4426131094013719
0.6152311946719056
0.5624946099137896
0.5871486694474884
0.6516644487185724
0.7456391408358009
0.5814138688414041
0.6374428621159799
0.5144281403550994
0.6473625015642738
0.49389218386582207
0.5426816262747278
0.4944754499365277
0.6083735717517893
0.6544577558507745
0.5380351476956159
0.673625191161924
0.7474299915214204
0.7460332077860821
0.8270094688820899
0.7307763332946453
0.6259904526823411
0.42746701176252716
0.4575181088047288
0.4946324077532685
0.7621213072810846
0.7541705960933125
0.6204139735523497
0.5265043825215534
0.409255976401732
0.4902689109041035
0.7129345400886425
0.5033652302787436
0.4753198056059702
0.48160789898673545
0.6902517819964296
0.685501090697154
0.7277373200532059
0.8628376450214215
0.9062769368453952
0.6045716063262639
0.6530519612558752
0.37464501369198305
0.6276028060258004
0.5454734463929046
0.6093589393866711
0.7655098703617419
0.8736663141965594
0.7661267018951957
0.7364116178135559
0.6030692752136478
0.6528048896955007
0.6435063531053778
0.5963768812575728
0.6297671932092767
0.5898947120634854
0.5442392938960479
0.4951075341965698
0.5270285477687859
0.4440503745177687
0.6453147058617187
0.7362357781425722
0.6655132079005008
0.6108836526425827
0.33180229650459514
0.38691100276131746
0.45914920713554674
0.6506636780398393
0.6799661604608911
0.6369990675665774
0.6627233662409927
0.5551407601823366
0.43037753923645133
0.6896640725716381
0.5197748455856084
0.6412985577924449
0.5300246805439547
0.7785701852143525
0.5881790387010971
0.46395021050016716
0.5899311010968482
0.6150690597915285
0.6387011483104759
0.56052289734485
0.5704178830685152
0.6881591672047742
0.5239453511857038
0.6705022269969596
0.45778613044479094
0.4005152152361602
0.5913248876165648
0.6916416457075328
0.548912132001521
0.7725553308239852
0.4435913084850969
0.4676884904464183
0.6976584815861584
0.6656820819791663
0.5949338729902119
0.6370086321597612
0.6457448392965474
0.4884298199846318
0.5452433965095116
0.42268373324456054
0.5007025979084729
0.6058380441390806
0.5332108091742092
0.5899079929736155
0.6395102218190512
0.6257932122051051
0.4769344143813664
0.4381194174134194
0.7468972427095713
0.7283577011312118
0.5810530838283791
0.6149570601541824
0.6271788770929974
0.4563200058360754
0.7513431310245948
0.6048358304236914
0.6974852286214667
0.601641964817162
0.6908559635925737
0.42541061705169947
0.7634745135110457
0.5853822873639379
0.6138221535429815
0.5015842403487344
0.5242147123044898
0.5189329554797841
0.6296981225645009
0.5366300776629797
0.48611444345819044
0.4815984210972465
0.31569921736900924
0.5997484456525238
0.6376270662815966
0.4826487354633911
0.49231946739936544
0.6343301312053271
0.5588356644561467
0.6194908602878368
0.5599871568901179
0.5981354842927605
0.6241721314205552
0.617967810229867
0.5497900632300704
0.6145568102852559
0.6214080865397488
0.5758599532309179
0.7619070926947116
0.5525141853799221
0.6522518723899327
0.7031462684849203
0.6955996934047375
0.5889157229862636
0.693337306636068
0.4460658409139853
0.4884769795899958
0.70126785372975
0.4947318030390091
0.3849877019458037
0.43056884202894186
0.7718007149278917
0.508643827668058
0.43325724140922756
0.4732223733059541
0.6545537101131671
0.5212166233262321
0.5426578736177886
0.7511633649097856
0.604876806443541
0.5523826843219989
0.7406733034139626
0.5564828010531679
0.6184581906714547
0.763165338127782
0.656680746424255
0.5906073927170215
0.6418965195166008
0.5496657924396221
0.5898993406952802
0.5911614257683613
0.6450326296931306
0.6900634964672314
0.6089553501740499
0.6781947523506348
0.6104489917306016
0.5876874087240803
0.4433366200613873
0.3942308352788545
0.5312935959821329
0.5755752785185434
0.5190126603178402
0.682192243662338
0.5352146579989495
0.4687370486098381
0.6613592642625973
0.584798201160335
0.5895158579777341
0.622746785775295
0.5533303968525793
0.6513172358444856
0.5770923211479455
0.5050215734786763
0.6953682439195767
0.5245997852060834
0.4426131094013719
0.6152311946719056
0.5624946099137896
0.5871486694474884
0.6516644487185724
0.7456391408358009
0.5814138688414041
0.6374428621159799
0.5144281403550994
0.6473625015642738
0.49389218386582207
0.5426816262747278
0.4944754499365277
0.6083735717517893
0.6544577558507745
0.5380351476956159
0.673625191161924
0.7474299915214204
0.7460332077860821
0.8270094688820899
0.7307763332946453
0.6259904526823411
0.42746701176252716
0.4575181088047288
0.4946324077532685
0.7621213072810846
0.7541705960933125
0.6204139735523497
0.5265043825215534
0.409255976401732
0.4902689109041035
0.7129345400886425
0.5033652302787436
0.4753198056059702
0.48160789898673545
0.6902517819964296
0.685501090697154
0.7277373200532059
0.9062769368453952
0.6045716063262639
0.6530519612558752
0.37464501369198305
0.6276028060258004
0.5454734463929046
0.6093589393866711
0.8807969224843922
0.7655098703617419
0.7661267018951957
0.7364116178135559
0.6030692752136478
0.6528048896955007
0.6435063531053778
0.5963768812575728
0.6297671932092767
0.5898947120634854
0.5442392938960479
0.4951075341965698
0.5270285477687859
0.4440503745177687
0.6453147058617187
0.7362357781425722
0.6655132079005008
0.6108836526425827
0.33180229650459514
0.3055595245691335
0.584041475035422
0.5750720963377288
0.5958493184048661
0.8189826790798311
0.5510573642411264
0.4856200348874009
0.6627985611284293
0.5706754982694483
0.6783024254635975
0.53355893253301
0.7292641400799852
0.506535327723026
0.39187829695386983
0.5104123112257304
0.6803528395310299
0.6460584491112021
0.6983577716382264
0.7234198252792674
0.6373695859668912
0.830738750789773
0.6877645522428002
0.50104122925149
0.4692813889398031
0.5872888100051932
0.38799805416678235
0.5598560909224128
0.4711107368602499
0.7237506161001571
0.8235868427679915
0.6870933809495052
0.781186011428254
0.7888633556723588
0.599115044660507
0.7015147741289491
0.5088581303271809
0.7934628514675768
0.6494627867873876
0.48396264334450545
0.6492820788847524
0.7104005239926959
0.5700915911230915
0.6287284172409511
0.5305494522856854
0.5808590696461279
0.5788130309913937
0.40135382078104903
0.36979873861667834
0.5304945437847707
0.463816014469293
0.7064419270235767
0.6580767004861852
0.46954730642846154
0.670784649807091
0.5858275284946645
0.462538164174822
0.6628416152937245
0.579171885101949
0.657819174250118
0.5769720097500767
0.38592847500914157
0.49888244939428283
0.47698418784912777
0.7269755407831281
0.46872794211260815
0.45455872346931014
0.5385841411839029
0.6011496674723898
0.5280895265633134
0.5396977683015277
0.4673406474583722
0.6201178361222526
0.6639339749857167
0.712138464033998
0.6135862430477217
0.721129942292928
0.44824432039277273
0.7026101978104708
0.701772889138267
0.5303223908183252
0.45368582711868516
0.9020045395665248
0.498472403053713
0.5502426824273474
0.6945122525884497
0.812048924638426
0.6064804396055337
0.6421442929838133
0.5326214878499654
0.623026690654467
0.5901098933220024
0.558270018682411
0.7575831045649469
0.6188064408107548
0.48018576706963056
0.5665777795117566
0.5669624891819441
0.6509503296505184
0.6236358936315921
0.6571184454260263
0.6843997931523484
0.446578903111341
0.3750520359270008
0.3155147275189534
0.5709761942812832
0.58064917612
0.596894977858662
0.8049235443676073
0.5649678982808484
0.4794188868894457
0.6515608833492044
0.5718111416095886
0.6755508780731112
0.5252560315038752
0.7280396755282741
0.5068571317833537
0.38671688016522754
0.5017151615368717
0.6812759542964556
0.6474741815479362
0.693292858267948
0.7238659334213582
0.6348962194317351
0.8416296156196428
0.673896035196409
0.5042684697787897
0.46760923657275333
0.5888742179028702
0.38722235715458697
0.5545392218075481
0.476441158423127
0.7180917721561563
0.8266491414019266
0.6853908149649345
0.779738594314948
0.7928925344005767
0.606009499117618
0.6915997771584876
0.5129285240900319
0.7852505377960796
0.653438745496572
0.48236924108586776
0.6442885480253882
0.7334569674602697
0.5739606449166371
0.6287951650985054
0.5335129859318001
0.577017882078965
0.582552859891465
0.39713881355378156
0.36575088214787205
0.5337593778745313
0.47224620454675836
0.7072416941956607
0.6578348553012747
0.46364743372626616
0.6671163552613867
0.5815848011457362
0.46463867048569346
0.675010304593072
0.582555830325763
0.656776581784773
0.5797881240088383
0.3891017127630153
0.4874815267394318
0.4662620247401679
0.7240777555695836
0.4663588779706231
0.446932704551284
0.5299523723772152
0.5956111048394558
0.522863288533123
0.5529702348887859
0.46386100541665176
0.6190106663737265
0.6624514433025926
0.7264708294839164
0.6160914575997215
0.7152780260491475
0.44712671383550107
0.7121461243024725
0.7040382775266136
0.5349888050697665
0.4564585719997034
0.500175230496487
0.5431322434131841
0.6899890075372059
0.8244949257717437
0.6174233923920357
0.6452086340847075
0.535185491977913
0.62861031314518
0.5902817120813172
0.5793373691869346
0.755185725875519
0.6241472600051267
0.4744488327577814
0.5668452084276
0.5663051050244319
0.655137628401392
0.6304405246377534
0.6672994870162916
0.670110760173713
0.4450984783254882
0.37827672590685135
0.537002681831793
0.523610958749577
0.5041885142614069
0.5334614319619441
0.5777027864787876
0.5947307341481637
0.45809296805032357
0.6750196453720585
0.6572870913829179
0.5522153330476244
0.8394192572799376
0.5915100658453208
0.7588254650990248
0.6107239934963113
0.5792507215514306
0.7342019756372623
0.5153499373176698
0.6661659202449505
0.5154985658073531
0.5176432674783537
0.5411074942783658
0.41581580309737004
0.6127432376162724
0.7333643225067382
0.49521254640370693
0.6046504421290732
0.4772519558466106
0.6554805530231669
0.8006832230117161
0.6285845854777868
0.5704393006715736
0.5089191727663077
0.4723962818148575
0.6436136385352617
0.48331674216358383
0.470218811167322
0.6610633673584645
0.49137098792481804
0.6287770649243983
0.653296324143387
0.7022466972936985
0.5883127525807068
0.6681185219559777
0.6969506390104206
0.5156856050137493
0.6355530259412917
0.6117737662039374
0.71179592075587
0.6657359453040353
0.5061570792428552
0.5086952050021498
0.5550229185372263
0.4185426833066174
0.6830105205831576
0.6922751529760773
0.42547592741223583
0.6869390541083303
0.6277970397770384
0.5570243693208392
0.5965478035858482
0.6651081651315137
0.8036279140080312
0.650405641145035
0.5048563121228563
0.6753784130807853
0.5513626755261374
0.8145199985066084
0.5465620553521107
0.5459196599519129
0.660205850598591
0.6373324412493933
0.4756170779831181
0.6605425341714024
0.5571084335570673
0.5764315272122484
0.6683837100727954
0.6909952573639155
0.47536109049259767
0.6120330454698567
0.5185094468292195
0.7351096542663971
0.6219060865244378
0.6417514650430898
0.561558236698
0.5526893516872261
0.643222967883982
0.5952623205795887
0.670561808546705
0.5925745475990699
0.6753275109553868
0.6913200773991828
0.6030302934266434
0.6650271448936768
0.5519222265416536
0.6782304592040751
0.7053955805887004
0.6882031933879296
0.6607789539630026
0.4612896598424987
0.63219243184555
0.7411198429771428
0.4962277643425754
0.3358735725550979
0.44309090274532137
0.41145963710628447
0.5686575486700087
0.7483999368777281
0.633894445220995
0.6739420609132598
0.6857005078606997
0.66741629741528
0.4271648428679037
0.5761084531880646
0.5780971943375128
0.6354270195720633
0.5287642783807632
0.6909954332890597
0.7088149335364432
0.7880640483787327
0.5760808051083863
0.466310928234258
0.5647456375644924
0.5549251984854576
0.4709517898183571
0.47812394672034425
0.5263710514979841
0.6952376722910198
0.6337968044009085
0.5035907211940847
0.7119389126498014
0.8515330236300943
0.5704344890186764
0.40872894560916334
0.5625135306100809
0.4766390332719737
0.5519531614019135
0.6211905900729099
0.517450782862823
0.48911459784650546
0.6311618857103561
0.562045454608762
0.47420534586898466
0.47965119841943393
0.46263432027748147
0.457552778343728
0.676836736853972
0.7351110226900256
0.6905717031444839
0.6310356715999925
0.4979905814055992
0.4156800171201964
0.7423247331033279
0.8177569645583446
0.691715110388098
0.665860308987895
0.5280540005000703
0.722523789156946
0.6793566531795
0.6723983005053511
0.7545524242875865
0.7418689468276141
0.5138871647634234
0.34513585839545163
0.4583260863652848
0.5461405691814082
0.4839391040065664
0.6099491251237501
0.5551796612247579
0.7110272084831656
0.5685545105826824
0.6735413282866681
0.8957921286294079
0.6246198954986316
0.7510002398919655
0.5963696041078258
0.5500763711419396
0.6303017530214847
0.553182989323381
0.6077077966359984
0.4529479418429524
0.36366914525439115
0.5372751324907324
0.6050159893927055
0.6780551808691438
0.6369640558238235
0.5710049637093499
0.6249282901364376
0.4643777020873629
0.6638470345991034
0.6405515597619809
0.6628354741350874
0.5278829605548234
0.6822937464514891
0.7660990574832964
0.7508699150117507
0.43852249540752886
0.3986806819822084
0.5729598512340474
0.6727572404716995
0.48508035350634676
0.5812444736675333
0.5698576406000859
0.5502638165321566
0.6718024618659028
0.52216269629077
0.5080617073771508
0.5843312001399246
0.6172302603878145
0.5954131118740397
0.647321434907146
0.6190030717262619
0.5561198969204043
0.48202883015503334
0.480512377683646
0.5339209883524436
0.41699345804892723
0.5092389864943804
0.704736562488135
0.5204462139086931
0.3835145467288775
0.5876122086628807
0.8269547731788639
0.6399206462661846
0.6399204128718832
0.4738877388396602
0.56894870042159
0.563325233068544
0.5470923423789218
0.6621265413207029
0.537002681831793
0.523610958749577
0.5041885142614069
0.5334614319619441
0.5777027864787876
0.5947307341481637
0.45809296805032357
0.6750196453720585
0.6572870913829179
0.5522153330476244
0.8275748348984012
0.5915100658453208
0.6107239934963113
0.5792507215514306
0.7342019756372623
0.5153499373176698
0.6661659202449505
0.5154985658073531
0.5176432674783537
0.5411074942783658
0.41581580309737004
0.6127432376162724
0.7333643225067382
0.49521254640370693
0.6046504421290732
0.4772519558466106
0.6554805530231669
0.8006832230117161
0.7883283744923949
0.6285845854777868
0.7421368951307866
0.5704393006715736
0.5089191727663077
0.4723962818148575
0.6436136385352617
0.48331674216358383
0.470218811167322
0.6610633673584645
0.49137098792481804
0.6287770649243983
0.653296324143387
0.7022466972936985
0.5883127525807068
0.6681185219559777
0.6969506390104206
0.5156856050137493
0.6355530259412917
0.6117737662039374
0.71179592075587
0.6657359453040353
0.5061570792428552
0.5086952050021498
0.5550229185372263
0.4185426833066174
0.6830105205831576
0.6922751529760773
0.42547592741223583
0.6869390541083303
0.6277970397770384
0.5570243693208392
0.5965478035858482
0.6651081651315137
0.650405641145035
0.5048563121228563
0.6753784130807853
0.5513626755261374
0.5465620553521107
0.5459196599519129
0.660205850598591
0.6373324412493933
0.4756170779831181
0.6605425341714024
0.5571084335570673
0.5764315272122484
0.6683837100727954
0.6909952573639155
0.47536109049259767
0.6120330454698567
0.5185094468292195
0.7351096542663971
0.6219060865244378
0.6417514650430898
0.561558236698
0.5526893516872261
0.643222967883982
0.5952623205795887
0.7448430797371486
0.670561808546705
0.5925745475990699
0.6753275109553868
0.6913200773991828
0.6030302934266434
0.8903786412861524
0.6650271448936768
0.5519222265416536
0.7506162940871394
0.6782304592040751
0.7053955805887004
0.6882031933879296
0.6607789539630026
0.4612896598424987
0.63219243184555
0.7411198429771428
0.4962277643425754
0.3358735725550979
0.5200940423403162
0.4024585394044449
0.5463132874795555
0.622339707733593
0.613850355867333
0.646676011564367
0.48903388081205323
0.5624430960237407
0.5868277614229483
0.541532413934275
0.606666965732253
0.5416803248132894
0.7200021297954242
0.5250580342195229
0.7740959153642891
0.4591962788350215
0.5993710535337273
0.574566128027519
0.40449993834134
0.43556539108636105
0.6290510071040167
0.4757140701800768
0.4736911712585846
0.7181788487713255
0.7612882075916804
0.8661657664186411
0.5736651434066297
0.39930068960248366
0.5885731288144325
0.4720711201375165
0.5675726030394638
0.6281383609173241
0.49356722209045134
0.49045402121960197
0.642134624610665
0.6577562037081084
0.5825286227809812
0.4196210600497891
0.49925772516211514
0.4571498613379197
0.5243587353468071
0.6884668876901375
0.6596074463093318
0.49093161036339206
0.421659232292347
0.8228300020132048
0.698738526312412
0.6721921008680477
0.5135216574609115
0.7025104571292743
0.6833507404560316
0.7305032819524376
0.6689669410741624
0.49288286181102536
0.3573027745620642
0.43806925806251407
0.5507175640326238
0.45213976796947336
0.6537153461165954
0.5397513267419026
0.6937633139343888
0.5712226087925881
0.6910310281682797
0.8888952767107452
0.6595216456235139
0.7713021878275859
0.6283244258155161
0.542419050681448
0.6065852632889069
0.5310278099313738
0.6567131014789341
0.7202580461256092
0.41639679162509646
0.4841468881413371
0.45417095681194786
0.7316092854314724
0.7318775729906272
0.5894000504486918
0.5820482441629982
0.5968096554940477
0.4399589395016197
0.5944764721609008
0.6007261295295221
0.6590678217793009
0.49492482023149886
0.637778165650036
0.7576056580751516
0.6799102737561822
0.4882467180817324
0.3068529593105297
0.4734597665811142
0.6952730047035469
0.5205350422816458
0.5520784085439505
0.6697117697372845
0.5578121261580236
0.6511996175351624
0.5583486618315686
0.5143578421708128
0.6429908056156081
0.6763937123232012
0.5314674361007703
0.7207546269353736
0.6005395497916752
0.5312948044408758
0.6010459716499731
0.44517726404550145
0.5175131004131497
0.5276241300019835
0.40479217662921746
0.5393028107046612
0.7502252133367121
0.5094038642508534
0.41244479674723766
0.597232920068444
0.7663265075022152
0.7041974025359168
0.6511251100233033
0.6633384778223471
0.4877765226590708
0.5716712896092997
0.6802599564261346
0.5792785951530327
0.4729936132497846
0.6434082965184255
0.5227582713812237
0.5887892273966906
0.567885682449632
0.38880949926951613
0.4190262484337292
0.4305815749697305
0.5242798284799783
0.6933918997125037
0.5430424487217287
0.4494498003094624
0.4130728784339001
0.5940674931160733
0.8007629575466937
0.5892148451293152
0.5657335127718023
0.6638608454524523
0.43359682807788424
0.5213930334411268
0.6684416753885335
0.5842355180853062
0.5829605414700039
0.6050604206745458
0.6780755537273137
0.6975431436292873
0.49686501881390743
0.585369231100408
0.6472612542550477
0.45610635317249126
0.48948838191435073
0.40748500597838483
0.5447181784486415
0.47018598035484366
0.7197843226428151
0.5442416807659738
0.56342421267089
0.5146566033583516
0.44277555253353085
0.5863512572864568
0.684994296756185
0.6445146084924183
0.5384879885871939
0.683214458172608
0.8127288759457492
0.6116609877101603
0.5968450873900772
0.8418457446999655
0.6795721270323015
0.5326949963719593
0.48088689394087347
0.768017749220208
0.528616550818575
0.5565364799537658
0.8453083914824707
0.5055767517794548
0.7657795302938187
0.43131658867689476
0.4510312548976991
0.5220027965561458
0.5836234435713866
0.6183127901749764
0.6295359154202124
0.6765401645077823
0.8634018064840874
0.7555539343870604
0.696825242868817
0.6581411729175527
0.8571668548273415
0.7107445245621978
0.666172763827135
0.9225763209418365
0.933554497187747
0.691947047539399
0.5354892093310742
0.61232373308748
0.7616307837888024
0.6199615965378724
0.5038676125071219
0.9018362465277048
0.7109001929204222
0.673493203016169
0.7627631976910463
0.7029594206179796
0.542741243324463
0.6559914962530073
0.713571418491371
0.7320829145838122
0.8330795403905441
0.8915380656553392
0.858256821801734
0.7965819999444744
0.7547408775850545
0.8279414683313011
0.5847969970027688
0.8545537956623759
0.6179367416812581
0.4061998454189724
0.5227378953271254
0.7168982895660863
0.4596888450569004
0.4129065256743427
0.7293251197925661
0.6614112768640422
0.5292932920423158
0.7858329032292091
0.599243344361539
0.8193137843354843
0.6492717533274718
0.5796497402788854
0.8952359609573032
0.7154437888055587
0.5221421288842552
0.4952677137996747
0.6136403113100956
0.475668420185529
0.6051229481836444
0.839576466706092
0.6327937822321662
0.6804055661702113
0.44406692395727554
0.6368139351293098
0.5234666928843159
0.568132704199535
0.5589081957308158
0.6126547982222761
0.6185289541736102
0.6388960047813023
0.42117401088027123
0.4759199557259071
0.48175600309298305
0.6321696857226865
0.521254989072317
0.4238857558897458
0.7914874345050255
0.6713096727504173
0.7530697513973735
0.6533834554072641
0.48535686283547863
0.5103068836952612
0.5386750471022606
0.7979709468688064
0.7179575535379722
0.6371159068007337
0.7215246979764055
0.5995506748487865
0.42467948282905904
0.6833342931769536
0.4194418473463036
0.46693843301036775
0.519037059782956
0.5493078238376772
0.5080332528937941
0.44948309811749965
0.698153397778063
0.6772473347503046
0.6492490743904872
0.5286979430709869
0.632303132815676
0.5326698551295084
0.7301812506908225
0.6306328035321955
0.843082503087536
0.6371574586377988
0.40925215950757377
0.46592469412839854
0.33600051197830644
0.5013157087440901
0.5920757038327715
0.7082701657637793
0.8246906833371579
0.6472371320174185
0.6707780891324958
0.4879034988004848
0.7477964678434241
0.6785455225825611
0.7188917348384649
0.6977206314707464
0.6550270600041244
0.6120545644070448
0.7594717868228595
0.4853177786110924
0.6036447589094537
0.49461227643278977
0.4707897214295933
0.4518712229429218
0.5271917228679777
0.7773992966081686
0.5921127896208246
0.6203009323576867
0.5515719459745165
0.7251150518505376
0.43640516508240385
0.46525325453911254
0.5865397922224171
0.5115632449830432
0.7084434566145557
0.45399768302216115
0.6040998450959324
0.587564131603877
0.5265391531482991
0.673215224127349
0.6429710106745676
0.5451372862827377
0.6608531972654684
0.5373416175136745
0.7117043199398952
0.5574237508663076
0.48259259746273736
0.6088149196889292
0.5703633880650212
0.7386552514395209
0.5647408141190894
0.6414654792912897
0.7727165479752797
0.7039386978603169
0.7878162733924484
0.6520716636729283
0.42606971117829956
0.5413156038531356
0.7052117483342074
0.48562482851603733
0.6708985618903129
0.6595916536105767
0.5432056420069868
0.48086878272970657
0.44018522225351653
0.503748679303702
0.6882608887825574
0.4679587665095528
0.5696250465894044
0.6584073612409826
0.6016128311797682
0.8894286502287421
0.719185389626557
0.8564442252780983
0.6227803109628917
0.6911707318472025
0.6883649456615721
0.8972517367903677
0.7341149130283501
0.7003587815768335
0.6241963464334265
0.5496135780291006
0.7812338074614982
0.6243121986171022
0.5697927782376505
0.6661712249241615
0.5729209400561199
0.4471514597214407
0.6291295459243798
0.8685034436431983
0.7224642177151853
0.6459407317148442
0.5922008701032175
0.48765166147023925
0.5787529213207298
0.7054957083089428
0.6022452007999857
0.7221901896313971
0.6819872131547645
0.6439544967563905
0.6275002838106669
0.6883411629136734
0.5739276307921432
0.5469328376819693
0.7169289260057626
0.6245706989593843
0.607069001880736
0.48751632270194967
0.6057191657532663
0.3979660955489872
0.3690623758229403
0.430049570490183
0.6025145732016526
0.6462973556549183
0.41875537354937303
0.5973596107975807
0.6176217268471655
0.6578180959628188
0.39956203589926725
0.47965818876756
0.7167900868602352
0.5610676199788628
0.61393536561868
0.6586235043303175
0.4653983460846452
0.5420343633741068
0.6338471933560084
0.595985900524436
0.6225796865015156
0.5488512559238072
0.46404947201623664
0.5235006091595299
0.780659080007502
0.4703786334328474
0.4283658830017669
0.4545947218254081
0.7753902554516656
0.6803107083868913
0.52871956106515
0.6984037952281602
0.6380348275709596
0.6692581865844517
0.6010426517325581
0.4370601461902536
0.5777223225758158
0.5990668831605828
0.6621554047757108
0.4406787339058838
0.7284257381411743
0.6761682913305774
0.7235941250902292
0.688757697601153
0.6192175968507369
0.5250122294129257
0.7788961139790199
0.7587169213067582
0.4619721948009906
0.41601203835985645
0.739905857320402
0.5099290983361049
0.7335604919671702
0.7839696813760966
0.7951888690221115
0.6497704249370801
0.6642592456700899
0.8541485238501497
0.7211812991679165
0.7740756422771181
0.8522671553852791
0.8072096043447021
0.9277931159913511
0.6635333382078848
0.6077643154241671
0.6847288424563698
0.7293327196970493
0.5749642921116136
0.4153521100320931
0.7597768755359745
0.610259670910354
0.6623203252933683
0.6954629363286691
0.7353823789836987
0.7427956738188164
0.650459725444666
0.5222384501611042
0.5984279070818366
0.4788573300496321
0.5434821177103407
0.6063812981026204
0.5654242551082408
0.659181371479868
0.6843857917869495
0.7813497327819034
0.7641942093817158
0.8095658841651526
0.7036736464284254
0.7748253201689885
0.5510873647654826
0.8729917770140703
0.5625249607108675
0.4291577314763365
0.49245170966815405
0.6623105465448648
0.46068703258703037
0.4239780674466459
0.7439862761854198
0.4513935654805821
0.706602828747238
0.5041682172216619
0.8173832460677056
0.6490576273848647
0.5704296709023703
0.8883867755974265
0.4439904915295251
0.46528473068268783
0.7267047004985039
0.5231211116950845
0.5270870513878887
0.8335461098964149
0.6276525780812886
0.8444218502444155
0.6390022676376409
0.6962978385098637
0.6834502219525399
0.4424916088349906
0.6374460148588429
0.5324576725376919
0.5420958888831712
0.6519442461212566
0.6048801225519326
0.5088004049846766
0.5626381328242982
0.468662094062119
0.4498651707668405
0.6592571035998508
0.4374124146827249
0.7338406658733744
0.7164688595480745
0.6943622285063696
0.550301160056505
0.5753013479287377
0.6234510655200957
0.7655140957742738
0.8846460564637324
0.7177380631382817
0.6352346743138535
0.6813370876994408
0.6598579001753143
0.5358368665986778
0.727243917216063
0.701051691973018
0.6240891073581051
0.6917416148974282
0.6869834583851854
0.4076780771070823
0.6866612303707962
0.49396307097868003
0.4769891106977199
0.7415829620581477
0.5637214733156366
0.5835488408973407
0.6187283477956181
0.5443227849465175
0.7300490935801734
0.7850386471405045
0.7773137614756255
0.6673245180376297
0.8156682911185813
0.7643976853055569
0.6457769418088143
0.6412256443497815
0.6381291646893904
0.700688502572663
0.6603353160334261
0.8254717579124242
0.8079562934369273
0.8865316674676974
0.776463124785188
0.8262008132842064
0.6775108158110209
0.7815477197633728
0.7759588475845193
0.6163292355194546
0.6119770584631309
0.6046293398062842
0.40550006954770446
0.5081924634301074
0.488948685870301
0.6273806224724959
0.6494103860582615
0.6220601077347764
0.5340365428668151
0.595399946205217
0.6352108195303261
0.5420643092085303
0.5453072028933201
0.573341925126735
0.4194190462046301
0.5866018339627951
0.6513250949003418
0.49156049216023295
0.6514112147669545
0.5944045925937389
0.533268891958342
0.6007748684517716
0.5225260042757416
0.8030982320225925
0.5829774021271779
0.494556323627559
0.5646805638361061
0.5639707974941527
0.5752647316224202
0.8134969176792021
0.5087252980297935
0.5220934121202776
0.788709729415226
0.6459419189332585
0.5138044405654477
0.5506160952392842
0.5012987120793723
0.5614060494201469
0.6943899563158257
0.7094615169497291
0.6165686086614408
0.657057495430389
0.6290393909999272
0.7529667637267426
0.6799504105400032
0.5429469886505591
0.7128288372460463
0.6496922964753812
0.4963385407921781
0.9040720178341753
0.7407837462767216
0.6502929284915644
0.6528334306377321
0.5367137691160913
0.682903249605186
0.5030713102432566
0.6828630167606077
0.5703280761195466
0.5619407025218931
0.8101432533744857
0.5409249602402697
0.6304506861546124
0.6648564385241745
0.4222200467431215
0.5854607189841234
0.6591799199841797
0.7290253642021524
0.5027704585854684
0.6904202492884653
0.682170509672578
0.7308055059080355
0.9028720023201636
0.6238405216962544
0.7222927949170597
0.7054773062294191
0.577897912687575
0.5949779126567972
0.6379594152178187
0.626172168220223
0.48633019751410583
0.5987665925314901
0.4534161941365675
0.5328715494926977
0.712457486659737
0.6359790277782665
0.7488324789130395
0.43791041614990733
0.37992034025675797
0.47816641557935785
0.311265820196397
0.31058663689549976
0.6106948077657708
0.6756697345389018
0.5494466468366149
0.6826486298583361
0.5676475521590935
0.4761190111334007
0.6872977960006664
0.849016220796786
0.5814627887138465
0.7337543410070165
0.44326184084066683
0.37164520951210306
0.456818178261696
0.40355218154086114
0.5042039248017351
0.6118032226280731
0.7093005916799721
0.6315402549821054
0.5026041194748583
0.43798504335188176
0.6652517790590202
0.5637748102394569
0.4039322894177464
0.39139712147596023
0.6601283316173248
0.6109024370650608
0.41118642575029185
0.6755800555036697
0.6675674903899506
0.5144468498463034
0.6162622912245183
0.34967253268446163
0.3824542263641158
0.584992967452288
0.5143662642793482
0.5368888807030364
0.6646826965035312
0.6969343880710694
0.6671902927962069
0.5059833249487743
0.44482861269748836
0.38101456165023967
0.6636107269307024
0.5083399896898256
0.7250323534147076
0.714242242836336
0.583067762270369
0.6121225005882506
0.5060505552564728
0.5619147632661233
0.5691031950526045
0.5925865435150007
0.6704529493379074
0.5060973468423621
0.6333858256304848
0.5379154959413268
0.6510750757894059
0.6769612697204129
0.5868288747208108
0.6271747520663975
0.5714819254994963
0.5975448542732655
0.6984119257822039
0.792377845430748
0.6619830645277573
0.6306137303634035
0.6667184754279573
0.4410002677226025
0.6719271101591263
0.9123424840716463
0.961575640134642
0.920998454511689
0.7853126965891196
0.6886242023748933
0.7559441554392738
0.5370728943368627
0.40564175026638605
0.49296814246536763
0.5280861795517665
0.5788017749798521
0.5762871776540608
0.5207869885337973
0.7887280459163809
0.5862057817444571
0.6273809903228227
0.5263919989882414
0.7685449416665415
0.6325120816805085
0.4086513984913407
0.5594937932114116
0.5305452664671577
0.4374150982677586
0.4422599468191855
0.5489253291682402
0.6729388252007106
0.6065921804102801
0.5607877785566541
0.6186670106404155
0.5016396539967295
0.5665062142614353
0.6231703613958979
0.5111490332156298
0.6550384099471829
0.6273830638623814
0.7085107157947541
0.6165890368950722
0.5184189533046762
0.5986735920001516
0.6937032979120973
0.6299113694659342
0.6113845974494605
0.5721675577881516
0.4049632940308074
0.7348362970328082
0.5066718731571331
0.34516050458833336
0.48121393660865935
0.4703046309797661
0.6046008152972175
0.5026972503788361
0.6171091823932843
0.6895727594876371
0.6007916004130739
0.5143621191155916
0.6358968832658346
0.5724565665412237
0.521011348935353
0.7157153285047438
0.5249850258559009
0.6257883551850086
0.6121570136059435
0.6396488981373265
0.6641476893819215
0.5951032456147399
0.5543153561572359
0.6723848782250539
0.5933584187521941
0.572805219334422
0.5822269102738611
0.5230052015129546
0.6526487177582067
0.5221659603063249
0.48645295799719246
0.555149539464797
0.43167290641153994
0.6031756111521448
0.4456742042828246
0.5696792972758256
0.552329621553445
0.5726384432702953
0.6904313972928254
0.5256893652702488
0.5501222510145541
0.6298373095965041
0.6446790104553349
0.6994395374840624
0.6203560270693852
0.714272101084326
0.782221193906582
0.6975867831416918
0.7512282224383591
0.7260814451464362
0.6277089984812322
0.7331376959870987
0.7246255954396209
0.3814249704525643
0.5157766811477973
0.4707733312342318
0.44711663498018656
0.7000044637507298
0.6246329722069346
0.7419606208440718
0.5857632726118486
0.5537150023389787
0.6866345357919306
0.608685633542154
0.6768175216400859
0.5405189896399031
0.6630405450391041
0.6132599922208226
0.6191629638022668
0.6543017931684271
0.7322723072440184
0.43457256277362855
0.5268483934679539
0.6260300737491814
0.6641000095654639
0.598741690607147
0.5143946808541934
0.623935127822693
0.7259672419018537
0.5476980971671479
0.7361034539691382
0.6048590899688259
0.6202121493927059
0.7572423873611152
0.5271319858708036
0.5545448074033663
0.6235470129413868
0.8067211115333285
0.5929634945551708
0.668672003444277
0.5474585036950411
0.7032756388983357
0.5014291758965096
0.44733675785289323
0.5692581090099783
0.4800303437578076
0.6049042243948445
0.7433245037911139
0.6164024991630297
0.4244110892165302
0.5258354572177146
0.6306718397767648
0.6467029521872968
0.8171128019835378
0.7535315577942443
0.9027814505194801
0.5914850412598315
0.5646207070096259
0.7303261567432708
0.654607785416191
0.46835409560189517
0.760007661757796
0.5732388074398495
0.6058695200958046
0.7691755588557107
0.5993696688146004
0.573382124818241
0.5014646527336599
0.6459996066993458
0.5641164484196034
0.7742440189474832
0.48960809806755684
0.7100212130436689
0.6805295612593776
0.49914597401830685
0.7220678398306443
0.4961586722718739
0.6154205807685633
0.5965696430636572
0.40546680491173603
0.4284734679210231
0.4453666479550288
0.5834870900309947
0.5820328167826027
0.5199271579747896
0.6175138387897982
0.7088367007820898
0.7260999805393905
0.7521879321798104
0.770601356151002
0.8524191843439967
0.6641091536242215
0.693747266930598
0.6338510063811436
0.6349894791911995
0.5806642266312985
0.6135762939696007
0.5551863076221766
0.6983201321170551
0.7420298389483007
0.6982199126043169
0.6180439144916475
0.6175592752350187
0.6148932591230634
0.47288339528182866
0.504532365848992
0.47830981790025273
0.3928653972553407
0.6134228333920779
0.6947416791695817
0.731603039581475
0.7204840109523651
0.5543526959972097
0.8168012471423715
0.7036653208997475
0.5019761006728761
0.5650544657661813
0.6345157423425689
0.5700318982878877
0.6643636011776477
0.7594726597045885
0.5381488396865196
0.5210372549452701
0.5019762006063407
0.40119335020937735
0.4852339416257695
0.38482182985431396
0.34624214364415423
0.47369103209134034
0.4788006589460686
0.5982536856928575
0.49848635133954083
0.6158119552724162
0.6940503155723431
0.596585829516246
0.5123721121389245
0.6480632851180985
0.567371174160368
0.5139508034670167
0.7110339191273117
0.5283110482015476
0.6265829433672924
0.6167480668976731
0.6294710081672916
0.6650082129527067
0.595300970561101
0.5704320777498735
0.66897534173259
0.6141678416757087
0.787333142727147
0.5897135312104506
0.583196846493641
0.5107270759722007
0.5170534107451948
0.4485660681189233
0.5376994588519028
0.4466311871300634
0.6096234316450754
0.4260645781746897
0.5649516772761539
0.5887523757211207
0.5795158413214956
0.6773385199063457
0.5378645252046181
0.5494745122355567
0.6277423491459688
0.6326329164986085
0.7681961724512039
0.698900016380834
0.6159384321214864
0.709684229589352
0.800429065194391
0.6950032929619551
0.7464200943368722
0.740112160632111
0.6529266633857771
0.736463925650752
0.7008149312533857
0.3628787325122982
0.5542740100003615
0.5285479473258214
0.4568424370699744
0.4607209366839878
0.7868253367383453
0.6259910899666714
0.7548046862237728
0.5552556510696846
0.5692662041421617
0.6816266283571358
0.6081538791287674
0.6876197973744922
0.5349336709878135
0.653752175785792
0.6243772640129454
0.6165191026748368
0.6458164975536033
0.7256249442283402
0.4291417559910127
0.5339742099654796
0.6260640174292168
0.6644703149715304
0.6022539304424946
0.5216805778451828
0.6213439373715827
0.7320731989468171
0.5375129245335586
0.7358852866464809
0.6199991540468025
0.6157913578443531
0.7436925111899734
0.5223646791158594
0.5510823456491654
0.621457554535027
0.8110837401895832
0.5972306923720351
0.6572308302291973
0.5356042795927
0.7290810122883077
0.5067191636243532
0.44993125014217966
0.5452819947771542
0.4919630212842507
0.5234964284427376
0.7530179821550801
0.6135886301934738
0.4213157163283752
0.5237737643368081
0.6269379537051333
0.6387546832989887
0.8193686589371613
0.7263309554384498
0.9073586918614821
0.5829139384174791
0.5618281334963651
0.7392152582631478
0.655811957861025
0.46023972186637696
0.7506858466916597
0.5685171242245709
0.6154098293699416
0.7728668085664384
0.586733996785248
0.584295192071541
0.508819296933261
0.6321498066957154
0.5640589228373888
0.48603177027295763
0.7124389966502365
0.6885006687072923
0.5072969399903642
0.7253508805149268
0.4933445032588933
0.6092928118385762
0.5995321530789945
0.40424371043536017
0.4335043696257947
0.44109932055732715
0.5805173934057363
0.5956649032401206
0.5244985493661124
0.6248488639822775
0.7078811410630431
0.7176324646705554
0.7427027965681036
0.7713561280059441
0.8518449065429428
0.6677588264283811
0.6970953218715361
0.650969305511848
0.6153829947450414
0.6864145045298231
0.579807654178727
0.5954707241465538
0.5410781446199927
0.7002583047420519
0.7313472944983457
0.6912620575061346
0.6231435614998189
0.6103148197675405
0.6694623669020667
0.5043253503917144
0.4965943683435028
0.47927866380587664
0.4033028352580053
0.6266409457439173
0.697397246829425
0.7065485442399843
0.7222650519710955
0.5489649997640974
0.8110451354959923
0.6763555550455702
0.5114760245323892
0.5710366651157551
0.6501780345342143
0.5672725534253178
0.6776729508803847
0.7561351483055151
0.5337607114162825
0.5227428870726151
0.5133337080996696
0.39947652350587604
0.4907982002284401
0.38124518375986804
0.4272387805520905
0.4530552327588218
0.6250995713188758
0.6204087383103365
0.7029194054602845
0.548487202011802
0.5864212056162859
0.5857853420720868
0.6044714292449688
0.5806341017385407
0.46891968876871276
0.46391663473076455
0.43258191776619254
0.6673572317518232
0.8109336857212575
0.7954815381444564
0.8973827116073455
0.8285874909110227
0.6954925721903569
0.7093247349335915
0.6024829954996666
0.5462870756738261
0.6099958213981539
0.6779924618628308
0.6919969299585399
0.5005346137444748
0.4305510096047316
0.5191582460653305
0.5242249134979851
0.5042494885634675
0.6373932776118831
0.6083881770820254
0.45365608858481377
0.5835860262837281
0.6039753985257857
0.6489064155762669
0.49837150917372364
0.5707157713362666
0.5279522566410945
0.47392834771729353
0.4711996435879443
0.6682942532381363
0.6747238304573091
0.8619314328890533
0.8406177675381695
0.7826715918670772
0.7066060204592267
0.5009474239353446
0.7864455124217572
0.6533661087702837
0.6568701240222033
0.4506666452915143
0.7208567398613497
0.6299304261822716
0.5921056053498819
0.4200515620039036
0.5265156834826451
0.5908207864744615
0.4992051691069999
0.5643922562561655
0.6197161860316763
0.5428814693019849
0.5676663534819537
0.5475395885801978
0.8100374282333488
0.567375117821968
0.5547121017276933
0.48947234680002766
0.46564550257030257
0.25148390653720254
0.5441272224124214
0.5224605497654943
0.4176384681498459
0.4270699506520664
0.6093803919218832
0.6976454491868564
0.6514794153696318
0.5739621538255824
0.383057754332631
0.45188395585515856
0.532015798764903
0.6017652797079986
0.47158173917276197
0.7732210488211684
0.6544216017424229
0.654651463299398
0.6688855702958809
0.6245489442093332
0.5999270260515415
0.5612489463704096
0.6678115263738948
0.4930876559822221
0.7252954936180379
0.5698308856470825
0.47182928592912293
0.7800217326362429
0.5803695998583958
0.6202893829288254
0.7097146209834323
0.5324919899429025
0.4365733772664496
0.4894931852425246
0.5845475290374316
0.5022278820526688
0.6206775562286144
0.6837051538295003
0.6425794849072919
0.6030509381385031
0.6394564905063482
0.6340414515153254
0.31516780165953434
0.35300600165570695
0.4763180232021147
0.44690302199508763
0.48210406750849993
0.6252336049565448
0.5183192236294695
0.669386401068426
0.5775037053217159
0.5835976140532372
0.5216867476097796
0.3883282092116161
0.44042901776440807
0.6755419518856498
0.4975308249710497
0.6096544862682662
0.658494869527279
0.602815432973644
0.47957226880407444
0.6069938408488144
0.5240378240326236
0.40269226739275743
0.546553702386275
0.6210587607042084
0.6355983317092401
0.6323071728679147
0.586699288427798
0.6413565899566478
0.5852303651071259
0.6195961781748515
0.6424377971014413
0.5890281694870779
0.6910243717727573
0.5317500361927594
0.4768264283526619
0.36800876853461484
0.46719602111038117
0.5199113355086769
0.46015448161640016
0.6521933734583901
0.5759164445307771
0.6000625980031794
0.6683095466948181
0.7187228870519912
0.653022160836331
0.7090678432552642
0.646248833948037
0.616883453697998
0.6422452260744913
0.5603296925320372
0.5140323934794089
0.5423744293386042
0.48615043895365734
0.32099377643547783
0.33263047991910855
0.6030573979132877
0.7226176582003587
0.6013998210220705
0.4970986610743145
0.83085088755089
0.7457032698818363
0.9220624137255131
0.5881417254290855
0.5610999981137494
0.4594196765406551
0.6678444669880308
0.6692158165128083
0.7850373117526764
0.812431060521315
0.574032710054805
0.7039362482539784
0.7275734349569426
0.9035357373264016
0.6056361518886548
0.6150442624270638
0.6300502817685346
0.5520486785228719
0.6700480724200706
0.7516710314482482
0.6381630147766086
0.7504169233575958
0.5286747068242105
0.39565564731524233
0.5300533413607899
0.4640928339814802
0.5120299279083521
0.4393585794835247
0.5256391025647515
0.6052803490337457
0.4667884442383276
0.6058392853945571
0.634065625919911
0.5596802594326051
0.6472091510204557
0.5916117905291078
0.5954498176408376
0.7982993074616535
0.49493892729890443
0.44799931105079394
0.3326898627590015
0.5073923726938362
0.47626603098481607
0.5796315543194884
0.7978075959949787
0.8161388944922365
0.4913536504184345
0.6572862680045845
0.6350452939637167
0.4352165319279617
0.6289094214959992
0.49163560752672375
0.5932332435212685
0.5050952859968896
0.8401497791306786
0.7955994898290732
0.5542220844635791
0.7293517669256838
0.4386945473096147
0.5426583543757965
0.5641478499618082
0.8708006344795565
0.8617578045505303
0.6475269176226356
0.534234804330284
0.5137190357946686
0.6910035197299246
0.84511270450522
0.6684835234006296
0.6121424461751668
0.5066375582946621
0.6538022325176888
0.8421561766947532
0.6134796222904935
0.8506027802431638
0.6287501870326941
0.6866803758116289
0.48449429648554854
0.7528111180785402
0.46389127678306885
0.48750354208157115
0.6040489854372514
0.6127263051847761
0.7412306872553001
0.6288124981902807
0.506411519717094
0.6813449983459849
0.526789948544839
0.5782585619618551
0.5915696845202949
0.9011304210533869
0.63832267580034
0.5006342473909807
0.6307743131782273
0.6464446738376317
0.7197632347169733
0.7026180557359507
0.7530467582873819
0.6923891684222615
0.7217803071056568
0.5522270780460903
0.6069222655361822
0.5574685235248148
0.6390224920680161
0.48830937569948607
0.4800734141222971
0.5854963560252634
0.6355281784871073
0.6366235512002878
0.6222183494326619
0.5878171477429281
0.39039642820745574
0.4664473892365225
0.614573728090237
0.5606852430416632
0.6714358737597812
0.5156082786305485
0.4378823127829328
0.6051611264089605
0.6388247198756138
0.6486194326381453
0.5623528229796928
0.7133532884193248
0.5730084931758842
0.584441434678314
0.43951962930673777
0.6280473797089086
0.5818673924027267
0.5427517378915389
0.7888277139038243
0.5115940268849869
0.5004797742489081
0.7205986525820133
0.7201327769286598
0.5688986715452192
0.36620916970859396
0.3324140597858062
0.603316454013278
0.7220651989360322
0.6021343056391169
0.4962857337568256
0.8300801228935457
0.7455917699877679
0.9229539756514021
0.5875830068160605
0.5618380047620355
0.4597039112312007
0.6677344424467825
0.6691658474075306
0.7848100706937399
0.8120270381305763
0.5746124563256045
0.7050801323175393
0.7284333765389378
0.9013492989908717
0.6050734552224134
0.6146716768657203
0.6300089129689062
0.5530997943701731
0.6689469048677872
0.7519275521893746
0.6379525778638256
0.7504027592803241
0.5287472977473193
0.39584462328207526
0.5305085158775213
0.463500476025662
0.51197937303956
0.4393529781552907
0.5251667771820034
0.6051955143793466
0.46689099085811986
0.6058921299946625
0.633788211377396
0.5597430907687816
0.6474261206267357
0.5916979330558303
0.5978240168877869
0.7992600058223996
0.49519874775118367
0.4477302792643245
0.33273827525411837
0.5075040611780653
0.4759551677172109
0.5770352954600486
0.7978942622225604
0.8142895867800488
0.4911829872947896
0.6570406923975992
0.6356070442561814
0.4350637510877917
0.6289752598262549
0.4916373422194183
0.5931115044290665
0.5052828234795305
0.8410000678699728
0.7960757590177736
0.5545276713796263
0.7296393125987208
0.43871848008440606
0.5427429994648497
0.5642549118611042
0.8706176728948779
0.8620101119674313
0.6474740920630889
0.5325501473982313
0.51360380492581
0.6912245260275008
0.845231272626666
0.6678185250373506
0.6127657793004079
0.5066333540753951
0.6538628112077225
0.8425620181953759
0.6134877656729357
0.8509492179545883
0.6283370701501598
0.6861974903491552
0.48628122794873974
0.7525933138147155
0.4637412426207245
0.48722618010316526
0.6033057218386699
0.6129946046712786
0.7410936141097282
0.6289066256468889
0.5063426830268624
0.6811471600085041
0.5268665458429385
0.5788352225507997
0.5910693427116352
0.9015269245144952
0.6376032370638253
0.5002080406660963
0.6318712880609719
0.6473941045543821
0.7209216204397326
0.7022735760003375
0.7532666934844886
0.6923941618568563
0.7216595063847959
0.5513628911417687
0.6063835048567551
0.5577047251548688
0.6384678194190403
0.4882196490270584
0.4798974099382029
0.5857607847603431
0.6351158618708316
0.6365790719631342
0.6223980519654196
0.5871712815072904
0.3893226685307511
0.46805187087812133
0.6149430051117124
0.5603308374048291
0.6715275224790536
0.5158016857826195
0.4377979856442757
0.6049598616877344
0.6380269543822205
0.6483293562130131
0.5612929871853618
0.7138180354072334
0.574029011480576
0.5847449932854004
0.4396152653690323
0.6284355584052337
0.5818029350251172
0.5428133893576795
0.7884562421891024
0.511214737581724
0.4989455642802187
0.7207989788666899
0.7195827399951937
0.5688728765940438
0.3661753153596839
