0.39764516823184387
0.5935667461759756
0.582393960645011
0.529847686472545
0.6781330862738226
0.647702299928007
0.47845000288406575
0.6308112718968754
0.6222728246021199
0.6336240832151749
0.5993405741834537
0.726125279908544
0.6837410209571706
0.4670822346126342
0.3448633198437527
0.43011193851702373
0.5444573170999322
0.47059508974091774
0.6992851425227201
0.8503976588355551
0.8232915373870744
0.902588553952182
0.6194298220733421
0.7557272398738311
0.40353011687104606
0.3970637023872533
0.45827334198693176
0.5286123409474573
0.6095291450420345
0.6776180605156921
0.771740763591537
0.6604522872451438
0.5360247039439735
0.5331318744627607
0.4446099616912118
0.4536696845848358
0.5996219686761053
0.500983080820657
0.43348051218086076
0.7577949780445318
0.5253056431327892
0.5362235279412703
0.5038535318003464
0.6470665653024348
0.5025665098624255
0.49279413453568754
0.6810434094246662
0.558375313280927
0.4988681152693638
0.6119828619294383
0.7749777142015392
0.6043684591823473
0.7740455074948325
0.8711881561801508
0.7789723949822722
0.8084734746707832
0.47631223999253913
0.5820180688062102
0.7269524180365673
0.42542991680667325
0.46607202692926186
0.5786817613735477
0.7576860777984294
0.6421361426858738
0.6764077317257038
0.6130386647662803
0.41010332055635945
0.44927050463466234
0.3493276825950669
0.42759588916667435
0.5471700495540053
0.6257695988700481
0.6278663289302946
0.5504215578855484
0.7094632387513246
0.5028868614013269
0.6936601668615284
0.5390100613040446
0.486441179718332
0.7911137993995102
0.5186625744880333
0.644567008993679
0.8842024236382308
0.5592788666038417
0.43328168831235203
0.5836056674929675
0.44583745235200894
0.5833839309881146
0.777237179025622
0.5441988195098343
0.7474989985493106
0.5450817647594907
0.574274264082399
0.4544705142312943
0.42353888110716353
0.5875061251754167
0.8059283152602301
0.8490823481829036
0.7391170657085205
0.7720768425882432
0.6965896992075963
0.5379533035539388
0.5468941043085755
0.6437994257786168
0.5441164384412301
0.6265254257048686
0.6447495131099674
0.6596466913466377
0.6865949032730386
0.6394435376161351
0.4490768951980083
0.5330366588553268
0.46407029238723746
0.6427455349633996
0.5942210723157972
0.6320126143130387
0.6146497776953772
0.6883163008089953
0.6191177648155572
0.45010285400835887
0.6205211574216491
0.8154960645436375
0.6958578139928107
0.6076842709605891
0.505710327569965
0.5629832496542166
0.47584087295526967
0.3434777509793179
0.5770911287009648
0.48720976183774056
0.5118728999709308
0.5346201698168696
0.397304578713545
0.7780432485846751
0.7361770670393477
0.7225019592747479
0.6293895312315716
0.6672623952706198
0.4103344821134719
0.6117182995804464
0.6729505698275962
0.42795402707740443
0.44971230682136887
0.5755459449961526
0.532911440478066
0.5350307354891749
0.5742685932207244
0.46837165094965555
0.4170395293439938
0.5474731472490573
0.5319882394345803
0.4289008550759192
0.5390982965295312
0.6353884150859515
0.5533413776598941
0.699195285705029
0.6433314257516229
0.62707057401451
0.4721920762644946
0.4520283296487044
0.5678214196864052
0.4698728034475327
0.3377999524544158
0.6110021110216902
0.51285833972607
0.5954097635698342
0.7802629894571889
0.7429403468822685
0.5132596630358729
0.5514379363053445
0.6888030600189569
0.6655101359702176
0.6201523260519263
0.4941132777646428
0.6551665797236367
0.7950329949464532
0.6511353650051659
0.7529497790894084
0.6273950653516006
0.6529743202121685
0.5862308453917653
0.8503881574563842
0.5561662110011311
0.4652545049569239
0.6816937354496683
0.7007707203666254
0.6650413783274821
0.5631491221362837
0.7468884631307969
0.6305868874442577
0.5648101898809019
0.5320639666843
0.5409227491706959
0.49983593185269587
0.6709023314988141
0.5377779139436082
0.666736136624803
0.5772217674578495
0.6439227723117453
0.5303138956556466
0.5396472874781594
0.5596539963181085
0.4919066413332221
0.5961229926088804
0.7017671121947379
0.4165383255822469
0.3789653009852411
0.5768352035967178
0.7477161339639048
0.4804801993372314
0.5413132852490481
0.6054486982391155
0.7080488597997635
0.6148919074202788
0.5513414744582406
0.5155850679886212
0.6292724911485943
0.595419627425355
0.5754149303874218
0.4563326549258476
0.583690526010891
0.6388155554596597
0.6638158714610076
0.44539283095815346
0.526912837662332
0.5412704127076037
0.5413263329522555
0.6466976975314848
0.6774269185846181
0.5430634936273824
0.6090778400073927
0.8081553734158566
0.4897254201008693
0.5780682744808869
0.531097067020059
0.7735204777350996
0.7158580944737635
0.6314697557484527
0.7734412357706911
0.6029349307181145
0.4879576371828013
0.5080947277448391
0.7760752517634393
0.6413534829237637
0.6556614240014662
0.6677903283986412
0.8351623211274617
0.729313340434409
0.7181620586153643
0.5374829391997654
0.531118720370601
0.7608473275632984
0.564416849221768
0.6911968056173782
0.5912886909858661
0.5022552453890599
0.44890369770719524
0.5701924509711885
0.7557848923195476
0.6634419203604182
0.45895704167653606
0.6265658086715493
0.7021776575925254
0.5046358833558992
0.7838015536677763
0.7824539409226428
0.6357807115547472
0.6394280333019251
0.6822653640915775
0.8859051326247452
0.7338569528241178
0.7037248761914198
0.7009689860383138
0.7951500529509073
0.5553644004787422
0.7502803010299249
0.6146185004826595
0.6211566067929384
0.6759797165699373
0.6858967502034167
0.5999128792091225
0.589835264659409
0.7527473299376893
0.7654823880845603
0.7822637390820472
0.6598922398349584
0.630922741901495
0.6380905461593434
0.6641570434305593
0.5555723017861521
0.6637019505193558
0.6708016465390647
0.8349432571998022
0.7666300080184287
0.41891637229672374
0.602521977458435
0.4518406735079962
0.5722440443642101
0.4671241051810734
0.7809346721009354
0.793859310555877
0.49736193698442044
0.633741283649101
0.6813876606467738
0.7249605858998879
0.4916669498143622
0.5206590468494329
0.6653978967297438
0.49111755283381564
0.6158965142772096
0.5360519306692162
0.5185798969641646
0.6366117131868998
0.4962900510820749
0.5861346992755756
0.42138392339533026
0.3297920147806205
0.5935746201827711
0.608040432852082
0.5890066177588635
0.5718833093399076
0.6423004007895412
0.43676020547866157
0.6160394439871267
0.47153853199587004
0.6305463540713259
0.4072302678331141
0.6046159356991575
0.544765312761503
0.5258018455624179
0.4615671171904855
0.5859652371405996
0.6436744567620445
0.6305397165106997
0.6881439799865408
0.4657387824827869
0.5341693511430307
0.6654858607259226
0.5306597236617817
0.6360179555117538
0.6000156976726033
0.4493127254008072
0.2857389995993135
0.49978500453005825
0.6062443508455454
0.6465893030735282
0.5982569207167776
0.5229009247688025
0.5327743232283896
0.6027114789906739
0.6715352497110973
0.7351459984451914
0.5366217918140539
0.7459550634195611
0.6085127312928855
0.5849139553931707
0.5138133111494433
0.6336521297570015
0.6558933755833001
0.444138247133796
0.6850071275682714
0.5711537252686776
0.7353093772850513
0.4793941557802983
0.4697339731019946
0.6117740898639755
0.6251326342320691
0.6668048335265171
0.8646238706901559
0.7397499006562809
0.7741592429363559
0.8814606804396327
0.48731593321974065
0.7611627114010842
0.6313639723313799
0.5857307748828492
0.5922610701177359
0.44392359504358986
0.6803143445406333
0.7084981417805617
0.5490257780810245
0.6825685618076737
0.6487663075187777
0.4842682148608599
0.6191114098483346
0.6172345041411059
0.675587545992611
0.4043935118409886
0.4520783012962736
0.6471570673503158
0.599003008170516
0.7140112062800887
0.8337757585396547
0.7577460332760954
0.8493210053620341
0.597250183452765
0.6065207883220125
0.7765700654023577
0.5770393711329143
0.7794883241159157
0.484236232422578
0.4138336878719071
0.47677059554435947
0.6388447682708903
0.7920421649475192
0.715137968197281
0.6258800430262194
0.7011707165779759
0.6138276057296113
0.6381632489953296
0.6808203805841533
0.6994683605018038
0.5416773569545328
0.40965610700700616
0.6963344041363598
0.7245419818929663
0.3933441517019318
0.41538313617021355
0.5692850372087582
0.6302971673938949
0.5686028494147618
0.5074790146438706
0.6828434811301344
0.6426513533664409
0.522205153556255
0.6181087250650952
0.6761773532460844
0.723974202203768
0.5669341449181639
0.7035671210745689
0.6467329999170753
0.471252807653928
0.4530786100749992
0.5119773055607619
0.6289923018700492
0.6687668657334285
0.627339295161418
0.7373981386396252
0.4936119744577833
0.39619061096235964
0.389532490592192
0.4101013195944292
0.6631260004215359
0.6731528136035161
0.5817992627011184
0.5879978903381529
0.8531898162268506
0.6804430208815989
0.6714434490972757
0.6854633725735767
0.5839167587651556
0.5824197170861759
0.734505196766305
0.690158161301157
0.5744670982973921
0.6113746506913208
0.5148045114381864
0.672213428495657
0.6777739167093833
0.5648726773212109
0.7274878327995824
0.688053369198098
0.6463183676584016
0.9000223497343355
0.6043146112324743
0.6429494399344885
0.5245296621722204
0.6662295516752781
0.5962404829485881
0.40047478280704435
0.38535818889847673
0.6382791215950864
0.7945814454758778
0.6700964886182199
0.5226711597717758
0.8789197504513826
0.5725532980323479
0.6824248404502333
0.6031211345145742
0.7114502272222235
0.4997136983398491
0.760568134736425
0.7200396080204816
0.7547994051833976
0.7903867411614348
0.5049844163734014
0.8396520202985047
0.6355587686503464
0.6066988691705761
0.7172966772584484
0.48022385006561136
0.44840013562350023
0.616137459886813
0.48970288073461316
0.6864880282907609
0.5254997419071867
0.6515915219056664
0.894353993753024
0.6491072747377211
0.7249300225542901
0.5661962489197601
0.6462023177674744
0.6556304941673706
0.7411657629289978
0.536645053517806
0.8606147694561121
0.7438698007969298
0.6548230249252214
0.6215623947637876
0.6368799795354347
0.7309570236271583
0.5240995629293277
0.6089674523851679
0.5658309020284501
0.5251493534342501
0.8214421281781474
0.786863078122995
0.6922778779102636
0.8606452864519735
0.6757912128680739
0.7492866744653811
0.8270195195236885
0.7327755825350425
0.7269161092965177
0.6832424590439121
0.5544114921097828
0.6536557939599706
0.6785614343053001
0.5930221436167252
0.532005237002007
0.6565758242977335
0.6196338938481435
0.6633828299999966
0.6538388422216181
0.6214088735918345
0.6410028466501886
0.4770632285709825
0.5980596693767759
0.5532341820995359
0.7981161186270272
0.6021170522701533
0.8243000948348155
0.7983252893134002
0.7564378297681817
0.8327902359421224
0.6145939887325087
0.8348846358676333
0.4813857041714313
0.5769288575783525
0.4434840678179505
0.49730529593810996
0.8339888057047911
0.5696056375196148
0.701071799026965
0.594357944378706
0.5995830400734299
0.6122202727256527
0.5590775616857483
0.6737859835878135
0.5560805666713876
0.6045283436388569
0.6997675583812651
0.5819435999317565
0.5593553292678337
0.6652839359549397
0.7064708615240133
0.4371980456462937
0.48418457833809514
0.5823333667717744
0.4617917033263609
0.6321228036734845
0.7671511862331172
0.46558777339091556
0.6288460594278832
0.6123735771497764
0.7387050385221213
0.7231487651202565
0.7039850045492918
0.5011429473521047
0.6411038571994377
0.5935208199632618
0.5430650704389907
0.6985889409700561
0.7101597578840965
0.5956088987172425
0.5166355204257086
0.44102525996440917
0.6482064827882905
0.6961836050231764
0.6164718874366147
0.7076260710199647
0.6694481868775284
0.805587627693364
0.5793354059718848
0.41353347176002725
0.5153207991762845
0.4881276883163864
0.5885693842466715
0.7952002220761575
0.5757907537114111
0.5176859051321778
0.5551796979469245
0.5823464363238345
0.47362572942469905
0.7015044140308211
0.5997731341346354
0.619578907335713
0.651392143368571
0.6972760805740452
0.5944750546027846
0.4223435792746427
0.5267947958420814
0.6029548756160493
0.4561947873434897
0.6910225354561944
0.6083531118436866
0.6711976123199074
0.43908613464225527
0.6230049163720952
0.7277230885894688
0.7730718208502899
0.7606591370199868
0.43295907997571953
0.38563724498190244
0.5154752804085674
0.6175084168124636
0.5811086090282829
0.583294022977847
0.50203588378236
0.5562815332229709
0.5767275036268295
0.5046227727107552
0.5016835838758875
0.5752504012914471
0.5144988752076247
0.497702705197004
0.7625414147412286
0.6512644128000703
0.6523040602058479
0.8709478553929648
0.6697904748842157
0.6647999555316313
0.6473565667543335
0.47998293952447657
0.5103374780900855
0.2825636478804699
0.6235418984411029
0.624781663590976
0.6449174843564403
0.6933648385722171
0.6698690833300773
0.9090789326955654
0.9125969379390079
0.6626684326031287
0.7073315322359492
0.8056754986223846
0.6451064423418695
0.68881216636826
0.4389055322425978
0.6423972211280035
0.6715957633397001
0.5440453767206944
0.41946558301563813
0.48116283195613835
0.632643423433378
0.5986015485327572
0.6285852292411483
0.5996775796610505
0.6718169821183599
0.6787927629228468
0.5600416369374164
0.4217769172598801
0.5948332847357665
0.5112252597498234
0.5592022647768365
0.6092461284574724
0.6137719614646241
0.517039260392009
0.6434377590502288
0.7665502006537914
0.4811901044032363
0.6157595033264883
0.4573018518132393
0.4979395883368849
0.5998226297744411
0.6428134596594759
0.5102814445912626
0.5998214890605814
0.7072537846774896
0.7770615319378967
0.723182615795807
0.8199751084740277
0.633465041078364
0.6935836086518253
0.7032240297500052
0.5742684351487939
0.5317634533007402
0.6207217351875808
0.47266626865405603
0.3725638696228625
0.5129599820026433
0.6800812104029216
0.5522125109410109
0.5467762241659958
0.6762748986274251
0.6496040181816125
0.6239776718822053
0.6853435111285082
0.5499007465499227
0.5179122093231044
0.4823162276374219
0.4485918740173796
0.6837863610991727
0.6349218365849623
0.842547541573142
0.8430100359542063
0.8055033294642735
0.7572211386098788
0.6054283467358478
0.4804377841672708
0.5201396292639857
0.5472664585519488
0.7031501935912261
0.5546915214948638
0.7279620552407109
0.6351749358137061
0.5371146408099815
0.6495749967151541
0.8205051331119744
0.7704524451090043
0.8026915697338562
0.6394980226621492
0.7285819111334036
0.8354676665861819
0.3867909406207825
0.5971355571735489
0.6936184361537981
0.6284850122653556
0.6204153360747555
0.6299092152226321
0.6611372948968389
0.7813089159940506
0.608824997181032
0.5584506193281764
0.650590594013911
0.5631257420672966
0.7682474014170992
0.5914797141508679
0.4984487049145958
0.3818867874593538
0.5060115786293489
0.7804502289028405
0.6823241598934516
0.5771295229462375
0.547377956227366
0.48635310008490545
0.5936814593161662
0.44087861808031137
0.5320230160170547
0.5331178723260462
0.6659897736984357
0.5736764429101935
0.7237120362962105
0.8052398367029601
0.6568397739499248
0.5996184370359355
0.8494816801039221
0.6920968241665968
0.9167162702265149
0.6818834517872417
0.618462700097996
0.4883480221097356
0.5645880586100115
0.4379990567140167
0.4111535131228831
0.6200088294373175
0.6329008221999715
0.6059835167004699
0.8080660924541384
0.5020181454193007
0.6653298350919484
0.6195947933570511
0.5817508237100887
0.7678109209551153
0.5295833270619348
0.4677814139858452
0.6554442633475277
0.48144303449220693
0.7062803411063792
0.5263761618603177
0.37543963482798254
0.6504348526896793
0.8890388951943569
0.5575503894933255
0.6329876325335804
0.7343831082138274
0.7538709322843993
0.5118604170389616
0.5266873540979056
0.7178166648194659
0.6707309635715892
0.8956091584207906
0.6875307932709402
0.41699861993964393
0.42583832939557736
0.6598791024962987
0.69935283176448
0.6102105920907815
0.4936847686131489
0.6788772303721989
0.6052023009988804
0.4721775117128694
0.5990952374830535
0.5286769714575452
0.4685817738325777
0.5468044609472087
0.7775335496193598
0.5190676324713593
0.7774637144780281
0.9083591564692681
0.6219301271301341
0.4261836115025418
0.6567413627607344
0.6059818386927761
0.7052879148035451
0.6902735048081767
0.7762319477105472
0.4583182296969204
0.4090113208271534
0.5016836765073343
0.5625170103743552
0.5651672674836987
0.835604051882605
0.6077368221071167
0.5222644021152444
0.5646275798692154
0.5990952967166148
0.47037746257722285
0.5438309558460296
0.6159974158103253
0.8870924710920208
0.663343843126638
0.714002113697234
0.5964049344293393
0.42309255952646646
0.5373049794008886
0.5820530475165528
0.47605613018749576
0.685861886999079
0.598079912723337
0.6610953957211818
0.41465517230173377
0.6869932636471754
0.8832594861038178
0.7267068322149502
0.8037338199632895
0.41229369257671883
0.39095249891344885
0.5337000617388991
0.5523489273255308
0.5457806930710459
0.6050987482091805
0.4633410034781422
0.5326920832262202
0.567522489496686
0.5281178735336655
0.49043028280918366
0.5924211266146145
0.5038954205315731
0.5034551198754225
0.6513718574398355
0.6620480080258011
0.8637148386315283
0.6984001685316784
0.6577362944197545
0.572035141525462
0.5981488329746789
0.45989919179905114
0.29331088861941446
0.46327965662263154
0.4673317420894998
0.5740206854819555
0.8066307463240262
0.8756283331910456
0.7769307914251121
0.7616539751868727
0.8049198169656183
0.771063220369315
0.49052762259163146
0.6328889187299064
0.594678445525713
0.5617184472790349
0.6477817733360628
0.6024836417517155
0.6342624052735124
0.7367988808852343
0.76079448512059
0.7055605702116384
0.8574849726318571
0.5168559439889155
0.6614013757090305
0.6881143324105199
0.5553210007941516
0.43960367614651086
0.4061520799608929
0.6769297947018066
0.5402186802798686
0.5394035054111387
0.635443227280937
0.6138579686802428
0.5937329364333517
0.9115562791045078
0.82014005397736
0.39975915145279267
0.5771445259655731
0.6602088799222237
0.5398868225060259
0.6964370057956202
0.5873009559560861
0.5136233549443237
0.7466100942288416
0.5106008042521316
0.5598865613185201
0.4978251439684672
0.4292226252738341
0.39595280523848725
0.6190967397688037
0.7377762440799649
0.5278987666610517
0.6726097247092788
0.6523943313783052
0.3891866111598296
0.5455577801694508
0.6972939762815182
0.6301954144243656
0.7840673129533463
0.9163185652175366
0.9043618765986071
0.7117414141174139
0.3852629119427336
0.6361185164795625
0.5579373444679916
0.5808079735993715
0.3561607707295183
0.4332609321541767
0.7235523074120023
0.5869249400995545
0.5154406838360374
0.5349366617464901
0.5436622877546986
0.39223878782427407
0.6357556057289767
0.5884361769970103
0.7085341621630098
0.5333464986808275
0.5237761297231055
0.5691880102968512
0.7166563888931862
0.5499800999875333
0.5161274762158787
0.6788100027462856
0.6757381048083526
0.5847897549316878
0.6258395836253727
0.6034498511975831
0.9099924886039151
0.5717677103594977
0.6608214476830879
0.6706878503678593
0.45447594806569064
0.6329417815346787
0.4763072693648738
0.7441559566991421
0.7106667168155442
0.5969346193301136
0.667769831213044
0.5095592779747897
0.5903274407967672
0.5214840610357127
0.8324523589037373
0.6529032886828746
0.6885489334222987
0.8621123081028058
0.8975507105746696
0.4902952642764204
0.5955320160682024
0.7095865842366691
0.6829936197468719
0.6619612969403958
0.7075058642549659
0.5869003160012156
0.42860204934047397
0.6646302941081162
0.583308804263116
0.45445289369183645
0.6432357545435426
0.6891278677868553
0.7198247707748944
0.879758898717523
0.5720465393615544
0.6724843109232137
0.6203426274698423
0.7590354225824534
0.4678181440748968
0.7327468938293794
0.5109178797388109
0.4264999188176369
0.6855397178566643
0.4182394229149514
0.577292607760462
0.7575759888662965
0.722968359249442
0.8255565867403124
0.6490015552303476
0.41725577442784717
0.37577072307847315
0.5167928498745272
0.7721571355652556
0.5858003158596005
0.6091998721812621
0.4253076959721888
0.6491990768433901
0.5920991208839431
0.4893168750937105
0.6624820760247356
0.4585458555756197
0.5485053184138822
0.6812644240631407
0.4956741451747576
0.5284324039105337
0.5683974297462346
0.5846622069350812
0.5456951917258238
0.6897877982215467
0.5818202494257013
0.5073526457368831
0.549349282907842
0.8077761753252178
0.5942746745952924
0.4087636631211908
0.5825264912680239
0.7568036503402693
0.4740932010398217
0.5252214361170233
0.5172898040392399
0.46567171116008566
0.6585407562707236
0.6347026518400394
0.8374282577257437
0.7957802431606557
0.8437008915423801
0.7966474123703768
0.9037635469163924
0.620172701473129
0.4001719540443429
0.3797183010979923
0.48711982096354095
0.5932990338314041
0.7293734919407497
0.8223177980165881
0.8704925289115706
0.6342994878846103
0.4828159444214132
0.35483838317475763
0.4915102819725091
0.5909116748369235
0.5359156560864787
0.6499804571966387
0.8957759203821317
0.7181813937310463
0.5111966125214035
0.3784384749280052
0.4714694810721093
0.48844409890184803
0.6189579633448786
0.5877664445067965
0.647436977072337
0.5914640910042346
0.5594646992473746
0.5834002153508254
0.4871604469640164
0.5393857516395675
0.5425271176258113
0.6698800883095202
0.4560493888126166
0.6411710031387382
0.5849343914978281
0.6608735097899079
0.5419615583064639
0.6333796626725604
0.619436822321586
0.5937978626044582
0.651137459458083
0.6075758353447449
0.4522507925988788
0.6046961773571353
0.4652767857177923
0.5635214578519552
0.6364820201225978
0.5136273290716529
0.6720126834858966
0.6423329402779343
0.6741547168760083
0.5028722578887387
0.726965277507566
0.6805699806153186
0.4260420227540124
0.41994570010259935
0.5782265930981263
0.6640171096175447
0.6668663241381553
0.5351377823592633
0.6603281325595294
0.6947093314545848
0.6001746463733819
0.5905238178112779
0.7022002807655875
0.7584334493484857
0.8039928028730875
0.657852802358456
0.5693201504834844
0.6144500386964052
0.6606404458726052
0.8170653915971018
0.8926727098381193
0.6756991283627354
0.5610840044815923
0.4217758024299303
0.6795185718802693
0.49541164670225496
0.7330463213199364
0.7454047780307536
0.5645482831029167
0.7929261940699179
0.5306183825597306
0.6678292066465107
0.6451178399553624
0.556469348391212
0.7389076956882095
0.5170664314058994
0.391375878613055
0.4861035255071698
0.5907981049952767
0.5693840809408017
0.6515503898966657
0.6599150088861185
0.6471829684631845
0.5383114074758034
0.6751630214875174
0.6844403344180167
0.5588999543502944
0.49593608355847085
0.58078674698553
0.4903842453371142
0.6018916524603252
0.7175589807140853
0.6706729688893617
0.43007635249690407
0.7686220018800372
0.6398060376016992
0.6401249707137218
0.7586760191216952
0.49703463536649656
0.48783534497438386
0.5771715481386482
0.6752167397663134
0.5913833519420617
0.7685955045648916
0.48130112070587705
0.5945906878470114
0.5116626337330547
0.6708982891223905
0.4940804985897655
0.6116046355130441
0.5148051779560766
0.3667610412296441
0.6585223479844171
0.5492582660396802
0.7204033394506658
0.729173876438348
0.7000081918143866
0.5759566972084097
0.39987880389898417
0.6792834908946407
0.4023795591199933
0.6240469604607403
0.562802945229555
0.5468071930876206
0.6113737029956475
0.6713565034814337
0.49580761765313996
0.5147073569959475
0.42160157478037713
0.5566985050165724
0.3703382417020669
0.6248703518257066
0.5187708049396288
0.6050991949759869
0.6375216919604711
0.38660057857436625
0.6788443981845463
0.6148447031980906
0.5579217419875827
0.5370624151969418
0.5597622802407358
0.6311649941966829
0.490962464741442
0.36986019768986894
0.5728094549509654
0.43653293649605546
0.6137480197924683
0.7106360584362825
0.666188672370249
0.4183079777521244
0.6427083509032485
0.4391165030669896
0.49462932500422024
0.7250392964759154
0.5654894677778067
0.529229377785929
0.4820641010209141
0.5298377667600596
0.6023903849815395
0.6186665161694817
0.9172426753010335
0.7330232082396362
0.7352582350784154
0.6242724491552084
0.5815806053663859
0.4054723728485435
0.5285269052341995
0.36412051822380115
0.5708211813319377
0.5115771756475381
0.7139907867896897
0.5738173067230097
0.5502622122369658
0.4882898213234861
0.4827116262251096
0.4515585921992168
0.4657013481580711
0.5791649461255874
0.5434608460354461
0.487509118528964
0.5807052592595825
0.6620548311190272
0.5491959550675662
0.47601449927820055
0.4956945817525312
0.5761706094175657
0.5424953738445358
0.5628529000920581
0.5967653399511463
0.6723125812820732
0.6136630192680078
0.6729103686104045
0.4318202988416295
0.4440563840404503
0.5443947426016394
0.5241677047565158
0.8008531010321276
0.7038337214617537
0.861114519246928
0.7119560810861417
0.6233575652632485
0.698608968042882
0.6522577383447881
0.7208626373521483
0.6282966696469041
0.5913585874435461
0.5799398121035916
0.5428294230648129
0.792128741825205
0.7119018008397968
0.7305936385181341
0.5079375323700748
0.5894910571029737
0.40339233760633403
0.4488163896177857
0.6932011884064777
0.4610789990674237
0.6973068097490184
0.5548831608738443
0.6081922743476
0.5641491528396724
0.5734849793435697
0.5965506766376508
0.4057321827501256
0.45827582310144677
0.7290189903321301
0.6113669752429142
0.45113919338524444
0.3434699452067877
0.6610127223319967
0.7670517411416633
0.7398273377532953
0.5011673915410698
0.5727044224482638
0.5946996552376846
0.5449729854162787
0.6238293919701392
0.59769222065063
0.494820438759993
0.7296804457756286
0.6147838177933739
0.5891706953918148
0.40163844126657394
0.6510807526567841
0.5345225110766061
0.6033288648099586
0.5234140320042087
0.4626779680821306
0.6502843241363147
0.5987650251147372
0.8482709933388077
0.7522224341661806
0.6328036492850045
0.6311694221503164
0.46852632819053064
0.5517008099216121
0.4505511131049624
0.5063154785035037
0.7511589792243497
0.6229818419216822
0.6021187758653408
0.653402858984242
0.4322180971981548
0.5856760223538128
0.6389893540772085
0.41123683720000254
0.61037786964257
0.7289922525136234
0.6243191224032587
0.4109709146002186
0.5835426915850348
0.6940941266426788
0.46330814229904965
0.6870469619018558
0.6086836212725047
0.8829169451562381
0.9122011688407103
0.863676383091236
0.5968871826577862
0.8214476752466546
0.8561889542511206
0.567219390646135
0.6524558390248486
0.3501609615884734
0.498141387333614
0.9115740829129192
0.8445216906205549
0.7683300519461893
0.7709474499918344
0.7785720691459201
0.48560429237996366
0.6314264914465042
0.9207881814986214
0.7086454700388582
0.48304425224291503
0.9236787408237098
0.9262635209739001
0.6521152740009842
0.5707358873045297
0.5654884702197336
0.4709022890498531
0.41252422658575527
0.4135043901990386
0.4944494118942576
0.5212824020097159
0.458521505518871
0.7104771075469375
0.7349442233025747
0.740979579787923
0.48949912925784944
0.4706773909963932
0.48561089229337717
0.5734325622174098
0.7091460077413596
0.5210098668651378
0.5678816306480071
0.5834145739722555
0.5982217786990099
0.4965325481587438
0.6797037509402839
0.5820962470425917
0.47428452839147295
0.6199729335113252
0.4251845706686047
0.548720721539774
0.5036897810340566
0.5593013057366809
0.5356941131540862
0.6474558734544006
0.4621555412285942
0.6872356665822931
0.5219534670857066
0.7029995712224619
0.5208971977576362
0.7305404284286277
0.8324045961218554
0.7725765774754846
0.6837542043777259
0.5412047378811553
0.5108599209703552
0.758346965159041
0.47913955819214515
0.4508740069632894
0.5541997186187818
0.5232468985107781
0.6457475951364794
0.6078672908001231
0.45111961479213436
0.4964461505327768
0.6303095015214587
0.5346220457551701
0.7508082788978948
0.8568165555981364
0.48596178313615634
0.508574703731383
0.8199333958169269
0.6964470197065007
0.6139280074802178
0.6381193697479041
0.43126675377181567
0.6763676990392712
0.8246523021239791
0.7016852817705346
0.6624353663822004
0.6516959365096906
0.44285365605371424
0.5346179655957224
0.6299502059099503
0.5003389256993944
0.6938500712035314
0.6559128758853725
0.6929622453906481
0.5068600236386412
0.4821403360199521
0.8353404992981655
0.49510933931812884
0.47552479706728273
0.6342414548915488
0.49502059516141483
0.29692065288559505
0.38307630860403513
0.6696923556284426
0.6449415750364886
0.8371285364463178
0.7411950850411217
0.8101148622256524
0.4583213741640583
0.5531688192699308
0.4920756571182345
0.6140916877651795
0.7237834741770139
0.7189848497163136
0.7899638715035507
0.7688035875921091
0.7652780314612474
0.6440498924261367
0.4841555262720896
0.6694496433995746
0.5865406437400085
0.7813589938438216
0.5175607444546627
0.6432289865915164
0.48683511016505715
0.5334091818976296
0.6953069494596146
0.40530933368174327
0.7836089912740356
0.7164121377576608
0.7366328200655913
0.7498141371726057
0.464914212904242
0.786837184668532
0.5680370272266402
0.5442536909732465
0.8115152800889935
0.7401824053463039
0.6604940942466314
0.6774425382400817
0.6770461638512534
0.6938908887660173
0.43729804035618913
0.523631563622853
0.7333772494260444
0.7327858450280469
0.44578544189430036
0.6294619033501291
0.5560569140462508
0.6796750970103513
0.4633747616823353
0.5560433195185757
0.6626793973907081
0.5744082130635199
0.59806946593804
0.7723635858184034
0.7662853139503643
0.5271991816956793
0.549938714645714
0.6588795108343439
0.5421410606508428
0.5466052825364388
0.5634456952039373
0.6211378242626732
0.7660054091582731
0.6042708477915503
0.46934941498930294
0.5317429399782386
0.6747927902998758
0.7158705050786326
0.6516294197370578
0.5603631975916483
0.6440119089750851
0.72820275564296
0.5673622464881107
0.6347576484060168
0.7371509311392113
0.5397555874310158
0.6232499065802931
0.7311024058406674
0.6797935405381103
0.5779493992789575
0.5703368311894513
0.49743359320578273
0.7618629283476974
0.49047752878403816
0.4817460933376791
0.5569529183452501
0.48242683204234915
0.5635511204501168
0.5157195031331321
0.44846815536612616
0.6500399294204545
0.5242332852926876
0.4549413585994669
0.4722027817611504
0.6828810117056539
0.7189114692838469
0.6126983848227613
0.579047191467743
0.6227165664936819
0.5788102022727266
0.4863583556714421
0.7366179667280045
0.5689132557116418
0.38100780297292464
0.4055100188226672
0.7369640493128241
0.6590932861782474
0.5382551263985083
0.7105142323394752
0.43442240259059783
0.447853343566377
0.5687574711123066
0.7696615512084961
0.7460615011818259
0.6443187128004764
0.7047861516475709
0.6325306483843434
0.3374663173941384
0.44567232422190606
0.5289033445260742
0.4449941098559513
0.6985609028994031
0.7365275288013965
0.6705257350753214
0.5721933798679418
0.6045718513597669
0.49860938811732847
0.5767925358601989
0.4605647425399642
0.49581951684589665
0.3718399497763673
0.49309012025485544
0.63639396221242
0.6613044399622957
0.560608970289607
0.5448314474620325
0.4253886323098982
0.48669804352260476
0.614324810133783
0.6196111272557577
0.5397994748414
0.5389946258440217
0.707897949538323
0.7074510595513764
0.7691920942229925
0.6279171207074696
0.6699110581285029
0.8387976590299763
0.4276105395310303
0.6536210553815248
0.7434124116540459
0.6332226723695464
0.4613767043006713
0.398711460257159
0.5069021691862975
0.7458800056387087
0.5104744770497913
0.5677605339169269
0.686092318754296
0.6091753571238891
0.3954163622735436
0.5411774721514921
0.592108752121191
0.46143562869628474
0.6459841496484467
0.7465268528254101
0.4781527834501905
0.6147424948341691
0.6994269608514319
0.5528483046374137
0.7829320829957486
0.691006596880601
0.6064564307946371
0.667303980630584
0.5492616212088007
0.4465525206499357
0.43944336782837745
0.4976287430901216
0.4890969889764139
0.6943512710578352
0.46139560952554914
0.547207597334752
0.44367227008260024
0.6591430765446918
0.5808114350234342
0.490772797551884
0.6251885048539753
0.5837385756979798
0.5659048336083166
0.4688306045132016
0.3973218358704628
0.5305302408540891
0.44209020377922836
0.6183651430865985
0.7158997393375438
0.5022358028610984
0.6420653954823532
0.541711145156719
0.7456487232447016
0.5668218512586413
0.6149492733062228
0.6372373049298624
0.5487071300331906
0.5958508744365869
0.4419902767308361
0.3646743773524347
0.5513269979164254
0.5634326662327668
0.5786979677071319
0.646958210743267
0.6825127633924789
0.4720597043777841
0.6355526767609859
0.46693114937529057
0.6468304130483727
0.463851295599057
0.6961152668237095
0.6381980391229013
0.4726440208431408
0.6894585614884282
0.6499132506303372
0.584486514293193
0.4844342000933051
0.5194127436109216
0.6266198206341991
0.6651360561411535
0.5455876436692108
0.582738191722729
0.8684856988930816
0.5807381411653222
0.46829746734664585
0.6092920580250272
0.3949447834214632
0.45674039911096287
0.8648141586041227
0.5470525224404458
0.6183282341137705
0.5752034439461355
0.6546072789176471
0.4445431967035628
0.7429655104390103
0.6752741632304889
0.5523068338283534
0.9061476844759478
0.5763289072720904
0.47631839508441365
0.5936603151045324
0.5432360724031088
0.7086738367872917
0.5051666433269627
0.7482996544670062
0.5940734726588678
0.5923610373139502
0.5021411117948603
0.5971572626774939
0.6650516550686772
0.4596545585308703
0.4060194633524575
0.567310900954084
0.662360048653893
0.6240831492158451
0.5935340141859649
0.8725562524552986
0.5951099719381433
0.5878231281261906
0.6135788093277564
0.42624810105061456
0.44048237222431025
0.4390329544575342
0.5650814598027605
0.6365313143960957
0.5736231064483764
0.5752738430531839
0.4756012070623518
0.4433931108939101
0.6461498231544408
0.5291297117958366
0.5409966035315071
0.48852066071188843
0.6363968637493586
0.47727649761952007
0.47942596460665393
0.515800288240328
0.6625646329401238
0.5811736894101193
0.5219572122556536
0.7540347488257727
0.4047859671778384
0.43647787728933657
0.4126148710516126
0.4395722593326985
0.7481191289929612
0.5549961020384849
0.6569754126890978
0.39596695324168296
0.5365473787449271
0.6341870826262065
0.60114774799858
0.6618729055162615
0.8462441573140871
0.6619423499588124
0.8457458383031322
0.48262641398806866
0.4585224215632665
0.570724427433401
0.7641445057758285
0.6346870215410567
0.4658283881754532
0.5889812977199913
0.491430375548976
0.46783276500569887
0.6186831052528793
0.702463400416554
0.8294140786240558
0.7235136001510526
0.5356166731447417
0.5206901096181229
0.6707993757172868
0.42828887131047894
0.578952608869385
0.7253479204256215
0.678243037079888
0.6456984050316452
0.7207403858805864
0.8767084945980119
0.4877142867242737
0.582095838877758
0.4235629989859409
0.6265539457788358
0.614546599571756
0.5248224466406752
0.49755604567066003
0.6621379934375647
0.5130552906815531
0.6238457207936962
0.8807845002683159
0.7282236778930786
0.6752464857971409
0.6404865540754237
0.38961150420865975
0.4689115053827325
0.3775563909352712
0.5378247734356086
0.5947199658723871
0.5190154320887238
0.47920560876866164
0.6568451834019342
0.6216087403364051
0.4645869954628307
0.5637349325079767
0.6387151485946561
0.5146694727223731
0.5145367135602608
0.6668960549992234
0.4337210160656666
0.5354282241249798
0.5908019802582439
0.6501006638159565
0.7052045952715876
0.7674163436857918
0.782456462300717
0.5959772251896404
0.41268921772053346
0.5280640517281397
0.6326812223688003
0.799513864670528
0.5753340137487566
0.42149950785231804
0.5013937120811257
0.5175995352543709
0.6483448531204462
0.5887285447980942
0.6711201977987508
0.45840760444393774
0.538202478915888
0.5329774014174053
0.40792076362820007
0.5957477730584663
0.6144142786528649
0.5540838978530765
0.7843297037129465
0.6183220768791675
0.5870308753709149
0.6160665584241501
0.5839457126621475
0.48159489691020774
0.6324601084139456
0.6375217555327164
0.7548694691432891
0.6553138048737212
0.83138617112581
0.5266733044935791
0.6183788910055046
0.6714309782321318
0.48607167847068283
0.47385638464551116
0.7180963397572958
0.64691298528694
0.7081964922758264
0.6360497525993818
0.42813858021007634
0.4049154082513355
0.3349457058307072
0.5173269869395077
0.69451396973591
0.6322922990344447
0.522531561986371
0.503317409944902
0.7467177490773074
0.6221192010387638
0.5266123773295873
0.5074068140176604
0.5877121974365347
0.572062621028639
0.5952491836961021
0.6203589594471586
0.43970334088770846
0.5172238636235397
0.6992321555514815
0.6416963163508828
0.46890786261644385
0.5555093632628265
0.782895126703276
0.7889856036827947
0.7740370808465153
0.7917067007136905
0.6289411834093774
0.4796310040848375
0.46989264540280845
0.44813931040253535
0.5680560827718096
0.6767985250351559
0.7820437768738889
0.748916228240705
0.6430882314623504
0.6534891660400037
0.44363976337545963
0.46884669823151115
0.4782356447563009
0.6435727183305219
0.6842874394840359
0.6085866912038708
0.5644851009649461
0.5779892412878079
0.4904004020468909
0.6448504348704007
0.6466060679192328
0.45704680966940664
0.7323572298653869
0.6930154083707123
0.550897997837952
0.6390573407186997
0.49240746635894334
0.5050833494929907
0.6532459306539139
0.6598691438801549
0.726847240291691
0.8645183131319584
0.7234041947647886
0.7650664351201057
0.5530401174193187
0.40252295879234445
0.47553371369861486
0.4962089617116243
0.5497440096198895
0.577638641260832
0.7017341120680181
0.5446889398497519
0.7623207251649153
0.6542697194627265
0.6866284832750518
0.4554759675270838
0.42425600833996485
0.37536127931368746
0.5234345785153288
0.5771264303253768
0.6780666547659354
0.38710991211558277
0.5794333374982329
0.6899129911272331
0.7341319209270866
0.542914277923704
0.7022559085836668
0.6229467177976463
0.4995125634908924
0.5336877554341101
0.6290987526880542
0.7514165181856411
0.712904969916411
0.5749191431900396
0.3714903961816781
0.4134506552894765
0.5833998927274803
0.7024769408037592
0.5205394034670505
0.5367901237847464
0.4415187961145083
0.5676447042923463
0.6144047767605694
0.6865316500732535
0.46177305487749387
0.5679105852633952
0.6715879278240705
0.5643310165809001
0.6361644709009556
0.5427970316134062
0.44417747931688856
0.5391693442094136
0.552678360015412
0.6953181577513533
0.6179063090536105
0.877227578774175
0.7402639140078222
0.6503999605435811
0.8560709734080674
0.5542014225576913
0.48881559865591606
0.5988190822277113
0.4288172106883492
0.6119378939417168
0.7412598804112933
0.5670990594560307
0.5218019505682151
0.6723364750502808
0.6661855614262495
0.37848424381300133
0.6081107497126381
0.696253138626249
0.6249246507948125
0.6044312567257514
0.3929350387544381
0.6336667562467446
0.7832497679038416
0.6671705552203042
0.6289451772935464
0.5554405797319585
0.6093043320674555
0.47750810665189886
0.6657129501149548
0.4834046609234744
0.3755534716035835
0.5715188238028327
0.5988454417895194
0.8754513211526341
0.6359927710826695
0.8596512068979143
0.8224327252029987
0.614143804249466
0.5957706976256789
0.6293029161248194
0.4721153842680574
0.6348306395576304
0.621164460922251
0.6132451154738767
0.6957823542992891
0.6256155180260173
0.4793436987503435
0.6594722449580068
0.8833865119457766
0.7571444777102319
0.6338739668331527
0.42225030034108196
0.6122381344514899
0.5484151653626494
0.5216015177423351
0.6751996693163078
0.5988552414143696
0.6548177107769698
0.5199236290864567
0.46497689283650634
0.556332880853661
0.5306034191309201
0.4854915622739448
0.6576176218009073
0.5860948096041657
0.6289373434744168
0.5920595320316376
0.6856898373858961
0.651402754067124
0.46337303816593894
0.6429752454684392
0.4247531935124821
0.5896669644153003
0.5147690972027896
0.32697511596812295
0.4366556587998393
0.675265564957737
0.7625748488533429
0.4926618629240224
0.5814646816481951
0.6203571793689234
0.48375885677960057
0.7143240940117697
0.5582224901784916
0.7004649995201324
0.4227477238584327
0.6723344174230148
0.7940952485686669
0.567127496409686
0.6649067961630054
0.47574414455751374
0.5964546923658532
0.674061040983256
0.558516302053581
0.6562070781885051
0.5887076182877174
0.8999092494615154
0.8510737828657817
0.8247055989216937
0.8410586694048101
0.8384427967106534
0.7096365674581222
0.5819337190909919
0.6274974957101221
0.48103275982184346
0.6249684551140275
0.5784149960500484
0.6355861867984456
0.7115749344997804
0.48585069542034093
0.45927427258771847
0.48875680672212296
0.39789025780104315
0.4742951634685104
0.5982485020664368
0.8495280652010553
0.7437194699435725
0.6774580589335027
0.49138739688578703
0.4551756922315886
0.7037943080935887
0.6772964927403834
0.67295153261504
0.5540569874838285
0.6266058521148804
0.5808650542948539
0.8096314839411056
0.7066323066011722
0.6410139476587573
0.5335241006316023
0.39018887190407986
0.44372930032494706
0.6760359788106446
0.688962115820156
0.6222610782080084
0.5754289294785068
0.5468033039681893
0.5329623104858219
0.46757724174501397
0.491608435707271
0.6263571472134267
0.6995985231092804
0.5364578235179127
0.719556363988448
0.8957213675295431
0.723437925638328
0.8593266882731534
0.6092717411007655
0.6323984337050634
0.7440989378242631
0.6561341224272267
0.6923263310261379
0.6060620409695726
0.7613980869307685
0.704907589939367
0.6219804545299435
0.6587476015274831
0.6577639313275447
0.7470227041971922
0.7446699459704514
0.6069865947814862
0.507661603184258
0.6337204091465306
0.5447402038922246
0.572589623791112
0.4951814795214054
0.3451760846527545
0.541717215047828
0.605901012585524
0.5683246259852154
0.7813751981333483
0.7269363051653333
0.7549535030706571
0.6758047494618571
0.45268341887769137
0.3798952251893384
0.5880668438082699
0.704908147537775
0.5745077384275901
0.6692338893497719
0.6617047172312854
0.5563719683591672
0.33366552026855445
0.3824430794738658
0.6712505776290623
0.7283002234139025
0.6014116016492804
0.6390310766146599
0.6900810741283945
0.7257333421658408
0.5984633587768724
0.43334233702756775
0.6108200628818139
0.5104926345104491
0.6548718045945644
0.6380832314962428
0.6035070842980663
0.716985500797135
0.6341826375684142
0.5740044618027157
0.46282125954530684
0.5733612564898646
0.6763585342525419
0.4462649745360514
0.5146568888716011
0.5095282007551679
0.5891848570624088
0.654014866044018
0.5306809825338901
0.6233647833155774
0.7055370035888359
0.5831440174348484
0.5764377540649995
0.6786020439279229
0.6842050866334185
0.6886925258905415
0.4838354415940607
0.4503273935210925
0.4059382580589278
0.583507440737931
0.4966984938078225
0.5668860859031752
0.6008771388432944
0.6118563025942713
0.5317000649137013
0.592967118087977
0.3721289784098194
0.42960295828930406
0.5380262118702037
0.5783896291860392
0.6448728909977306
0.6144761021820642
0.43437548648971314
0.510574969159672
0.7106314198442684
0.5564179295151489
0.6221928144938709
0.6000194405264494
0.3778777621050336
0.5847144637469718
0.77700060600131
0.645386549521728
0.5823716252109706
0.5707257675550818
0.579865233754186
0.5095677065839971
0.6781833016784028
0.52683629421131
0.6227453243567606
0.5902210447200836
0.8609729797319727
0.7312216451172644
0.5419087803779588
0.5951244834468242
0.798721446456867
0.8143912040781864
0.6633543284936316
0.7441145538808615
0.6642091095079853
0.655337296256411
0.6024953576082119
0.6874989331312825
0.7266003052264115
0.8216654492212544
0.5133105678002041
0.8066392099257135
0.7950897280770062
0.8904796184764846
0.4629527014993559
0.56148452555584
0.7316912400013641
0.6483097446017223
0.7399498549617303
0.7954240762447193
0.43232910164389915
0.5556265064909695
0.4917840862543468
0.6022074125520626
0.4845984417723132
0.7490209566541144
0.6856882470879729
0.5058234979721778
0.6471761918888786
0.5916103276270864
0.5893544683650863
0.45544741535622923
0.700042199462141
0.47095390464091347
0.6146740669751869
0.8418203652362363
0.6139013053277488
0.8835121229082505
0.5153762265641434
0.5921571932482739
0.8597459650249109
0.5945672981871774
0.5776256869030436
0.4970285437093763
0.4695966385981741
0.7661268473155254
0.4666821967911621
0.4582568568265986
0.5789691342107228
0.6611509484033066
0.5098905448117462
0.5889868830636084
0.5037484536474663
0.6255738058610506
0.5021088954730195
0.5135657323388163
0.5239238791216217
0.5219877084719403
0.5169076100291181
0.6004894048292791
0.49106227558991544
0.4403892547345345
0.41958375846856927
0.559701128639496
0.6255379421562155
0.5832654091863001
0.7061969718998763
0.6988639158765864
0.6242497513983724
0.49852777170724755
0.3291128986806871
0.44739254989680877
0.68691487542693
0.6774002304130525
0.7168827902875238
0.48997281821517746
0.6644368460795753
0.6965587733022133
0.5392011313883428
0.5501525838952287
0.3829132312554011
0.5211526751480857
0.5696881797785097
0.5802721337717905
0.5807428705325011
0.6537351822216281
0.5272400123452002
0.5305445489450772
0.6848404813438657
0.4291514303918464
0.6427092414794305
0.4843483480274809
0.6535741611827821
0.6487944344148744
0.48919175889277133
0.6075195399605323
0.6340816885269711
0.6243884911512934
0.44556372417627227
0.6537351394894829
0.5684619305602713
0.5864367648708967
0.5559771874104038
0.6364400496455425
0.6939491064489836
0.5673763365132442
0.7871997704505899
0.8405919210006415
0.8740801307175341
0.9115198943060303
0.9147868193256126
0.7679682367904805
0.5791116337068712
0.8604661219806452
0.7408112545615404
0.7101636707404831
0.5965502465858252
0.52399678619506
0.4349126260778427
0.41543215514484033
0.5507681369165809
0.574543226423421
0.6370788753389215
0.6557552057493081
0.6348970849403135
0.37517549503677206
0.5856057974828106
0.3789457511055102
0.6565533217515073
0.6065073876711051
0.7004507655299133
0.5504127211282143
0.5045128200193143
0.5132428379191581
0.5680784857131397
0.7079728340168195
0.515535359753248
0.49891725863912484
0.8094193461534803
0.868338105631745
0.7045156831455728
0.6849069233016877
0.48796579532840123
0.6010603072817573
0.5709315968175868
0.5914869742982151
0.6615045271874604
0.5351661680996228
0.5632546450667116
0.5514303133525864
0.7484113974664545
0.5738362371216331
0.3689075193050416
0.37614216995083855
0.47246009657316856
0.5257341117796913
0.6404657710683984
0.6785000782830107
0.4823849632800859
0.5111481905053686
0.5389185452348175
0.8378309509192983
0.7025882602120935
0.6390055527198838
0.5191917475776074
0.5130747729250924
0.6347891109861238
0.733085821174133
0.5667728726215648
0.7461293054970456
0.6624098202322478
0.6662943938316125
0.6354391109352877
0.7462264258318037
0.5781450341278697
0.5833170041961478
0.5591922549121947
0.7097400435386382
0.7234642124178474
0.775792588582744
0.6178323601647041
0.5025340312009423
0.531885610009639
0.6463245972969479
0.425448693120574
0.5192262673816315
0.5686604896454297
0.6459199491523903
0.7148146751681199
0.5288148582506259
0.7071253744871979
0.5984481311931968
0.6271881473815883
0.7995466553363771
0.5804516192844099
0.45109884830303415
0.435892668461659
0.6239055345133442
0.4410546443553234
0.6582165253271773
0.8200966617815962
0.5605361736199129
0.7152012400510511
0.621181473200407
0.6362160604613882
0.6574907582702979
0.414947588445852
0.617192287723062
0.5779372409593878
0.4713298916252661
0.5211939376413307
0.6609803147028341
0.61381917405925
0.6560825544548612
0.5561769368271865
0.5767573717425336
0.497313546858344
0.43389687526421983
0.6499292369485787
0.6137648537126548
0.6238978831319049
0.6706391152397884
0.7604124808199014
0.6367057725041594
0.6541711531359578
0.6035022229167043
0.6042377881808446
0.5612485327761517
0.7221176327785147
0.7473982872743599
0.7138566432724831
0.8749704047175793
0.6156347070709025
0.5192033050010847
0.5460691883242859
0.6544341064537074
0.7818494634248977
0.8843003651121177
0.8425350681885382
0.7462101637957866
0.7559694930054104
0.7004482621782823
0.7307174086571554
0.8212644660660484
0.5367603895326476
0.45145835873149287
0.4151598162296306
0.7264475019143182
0.7879882253611415
0.6023783272199474
0.5683418629656524
0.7377166623705901
0.5565722179066445
0.8252876841797109
0.7414759974521236
0.6273978894662166
0.7614015988918124
0.6261234685113545
0.6439334927103334
0.37386389422761923
0.44615900025505667
0.6116210314691017
0.5660889881607735
0.7779843662579328
0.5500252314782728
0.6042685909987306
0.5944374977987749
0.7418090668747674
0.586392563014847
0.5523351497309773
0.47802843133760964
0.6720492443447614
0.6789268698189334
0.6944704940328347
0.7841300039623488
0.6508414188399989
0.8135370292403669
0.5996150687026827
0.7784652288222611
0.6947026564225123
0.8784951984399472
0.8542419405716926
0.5029631018538488
0.45943959656644784
0.5509322125093467
0.6167513859713871
0.7357171314057734
0.6473215191189093
0.675586162037315
0.8487532116629104
0.8104701597445271
0.9162272332185828
0.6130440143347154
0.4922521698600162
0.6255332554285337
0.584650273801708
0.6485537718482127
0.5862143927787533
0.40340720165341726
0.43351597358121036
0.5030093851323739
0.6502198685143158
0.5702957698048775
0.6473806312601149
0.5804448896107882
0.5931807420646374
0.56189616119985
0.6251512625552612
0.838717794534212
0.6694872554942888
0.6261911962381229
0.46096015146011426
0.6666476854184535
0.602547113696701
0.4940141917303296
0.6544250452426783
0.4799669268910783
0.7597163131440811
0.8186177082401779
0.5844805783522554
0.6534278176268314
0.6368015275490195
0.8246497395596591
0.7356891395855956
0.61877332315424
0.5996201279573312
0.6354067172523528
0.6288164468751132
0.6099724388148241
0.37961131702370055
0.6216287885103877
0.6969572022909815
0.40200120228147196
0.5996923817664482
0.65170054719538
0.44146241970563377
0.6475831034706019
0.6382797173626293
0.666946059751242
0.7795080833625981
0.5517224260533784
0.45199348216116364
0.4649722771995398
0.6795113160736487
0.6191622007817673
0.5351137388971711
0.5607576235451487
0.4104696702019286
0.6413688164967003
0.461090512744773
0.7969611206122411
0.8038446704963083
0.9096016976148923
0.8500881944450298
0.6477264923360676
0.5397000786773654
0.43650299099320294
0.6153585368468596
0.5860352645762444
0.7381602005032086
0.4763179326822954
0.9411598709257
0.8988801097974726
0.914328647692949
0.6661183804416811
0.4399427117856336
0.49364667187466194
0.6142643217285132
0.6987289757802337
0.5061460432964395
0.7136192957959453
0.7268263771115951
0.42684466743972177
0.4399998516550357
0.6144158846664606
0.5700603567202631
0.6809043197343032
0.4167094173622825
0.5768401073311236
0.5415933750488882
0.7269960667120685
0.6975869030035484
0.6087736107727596
0.4914071120791825
0.5761488856169633
0.6640831802872332
0.5024811684570462
0.5961087323753171
0.6385620856789179
0.6169423295258318
0.3932300603328323
0.5031617604865176
0.4390764744516628
0.7034572263578528
0.7565434550252895
0.572080698183532
0.6859143244598999
0.6430899408825005
0.5819055792118432
0.5229741459651981
0.6210214972486423
0.7273118001537227
0.5622806137688453
0.5159622461274073
0.4885909604977442
0.4098977959893896
0.6234069085587591
0.6953265037412445
0.7384791857844711
0.5902883539375471
0.4153694913941126
0.5796073558672823
0.6113854192937666
0.4785070389511455
0.6066268630454547
0.5224559738871283
0.678199316270761
0.5027182919778673
0.449363722690651
0.6842946465748232
0.720551398044523
0.7147492622043351
0.49539754949266396
0.5404964968264527
0.729603680147589
0.7054942684717381
0.5605111042855737
0.5797820813972842
0.502921438746849
0.5933412499463891
0.6764958954055065
0.3739791987443287
0.42456063287858903
0.4143829636500246
0.6827067416601815
0.7202735481777636
0.6595057160347715
0.5972224895064366
0.45713527959307804
0.8312753734378853
0.7524433812074902
0.5168183620555653
0.6126112846748755
0.4773159476263562
0.43902106348057507
0.5870883133219679
0.696895105906138
0.552974446564518
0.6839808497878752
0.6706844322396796
0.6601614515472112
0.6872342162842666
0.6080782404822149
0.7137824892051655
0.44551363617574147
0.5518225392304076
0.6023423857015575
0.7343183082646799
0.7129877765124213
0.6900333650514011
0.7390461158257243
0.5053710420858815
0.6278554849863078
0.5294936791316587
0.44277780506276826
0.4376047842235632
0.6579841312378037
0.4867723199673629
0.7410995339132439
0.6530837942019213
0.6040884998051071
0.7440732662188033
0.7640696315710847
0.6772195728849991
0.7112235649794346
0.6742124493279462
0.7731178830817479
0.5437173530675541
0.5700306537385054
0.7821983156063296
0.5308288705678527
0.6846011395051631
0.6409701935994649
0.6581530801624597
0.5161943489952254
0.691828249405869
0.7860759382844194
0.42247426707207336
0.5646921323031174
0.4315200999094764
0.6418218286819003
0.5421346691327577
0.660984048160108
0.6705829586883669
0.6245508898950269
0.4001952824496219
0.6615843386949068
0.543322686853253
0.5570885731970678
0.5573964885160952
0.5790893559710677
0.6201125986205668
0.37223595182647906
0.45773576362484525
0.39470178160524694
0.4613011079006437
0.5879164556586712
0.5811891694450144
0.7414464123571036
0.687412778354956
0.5856367654375515
0.4053444771981017
0.557840256237884
0.5370648194617608
0.3963571440323228
0.5499873424990211
0.69188666472874
0.5638374457080492
0.44588474518828153
0.4991606383171482
0.6035201805976848
0.7987477337588813
0.7515610437482431
0.4706173904540601
0.6259375655238781
0.5763003070520809
0.5451986133832551
0.6841680910692355
0.7256179637156015
0.6934510955348906
0.777536549323342
0.6876810805664757
0.6663270527842134
0.7121534964115352
0.6901411869318544
0.5170288725018894
0.6782181987770505
0.5419476322765641
0.7006909098091045
0.6982864071076493
0.585756059173678
0.49410104823835177
0.5856498648947746
0.3733587072567448
0.48474480659674946
0.5595540149349539
0.49852739037124
0.5392234942133532
0.6187101622109674
0.4909903109248591
0.6711998278739645
0.6598025731106765
0.4917835092101195
0.549537616849908
0.590259658181563
0.5409064375553277
0.5111450226217055
0.4389417611082577
0.4980868362604406
0.4686877930101492
0.4878652744533706
0.6022556436711451
0.7365220327003895
0.5896850724154556
0.7055741845854655
0.6035091337592176
0.5529135605792673
0.44301443726549883
0.6233535975968877
0.47464134423656085
0.7668312931757545
0.5996657081365652
0.4055871050440577
0.5637987103458565
0.5156677361796016
0.5696079753279644
0.4535990215220682
0.5648734771044611
0.8577575111378276
0.8365853516947266
0.7759778262461494
0.6282925640670635
0.5003293525302042
0.3278625150165132
0.4355574154851935
0.5845493439399041
0.716413011295465
0.612501754136012
0.5916968005688518
0.6055291184050599
0.5728467894922347
0.36523985516490787
0.6316076649870733
0.5941252479961363
0.5984530805112208
0.708188695114346
0.6377175472809997
0.7160790228225976
0.6311520935500918
0.570093680314002
0.416629904532584
0.5291098204452466
0.48182311907547626
0.6806460634631346
0.688000650262689
0.5733345168850417
0.420894027344368
0.690943308512588
0.9218786507886436
0.7278367909419103
0.4964900551629104
0.5554573217340677
0.6244361277364625
0.5112295546831421
0.6847791311888717
0.649094681491881
0.3690594729949779
0.32309119018273175
0.6271844956182494
0.6143214183054886
0.7011299326466643
0.5979609851520151
0.6151136534699484
0.5310082048009358
0.6163963966932795
0.758650531346482
0.7214992139385217
0.5529129520345415
0.5502190567362455
0.37954652941155753
0.6158143235877088
0.6285452451345804
0.8771725881908139
0.6617244291707265
0.5521833795308074
0.40318023271599807
0.5984718593110041
0.5391828870249128
0.6208368185958261
0.5809541966035762
0.6974053920531715
0.4857271865680773
0.8793313604408706
0.670033904307633
0.6077631067823588
0.4217472098346399
0.5316599403221263
0.6141145800086647
0.7355830216286126
0.8365400062843943
0.7944902416514747
0.6027100714484768
0.5844182536354252
0.4058396005111091
0.47060025226780544
0.6754986300970326
0.4172406407645171
0.6112233524377421
0.6555799253515997
0.5378492047272286
0.6571832200735235
0.582752965029575
0.43106224263727705
0.5461948722598261
0.6895848934193034
0.9025394078085016
0.8206574837241998
0.551786283561287
0.4924717688861202
0.5892052145987158
0.45437652744339413
0.45952360069127224
0.4142676137280503
0.5276098654615582
0.5949019068050191
0.7411845827847442
0.71955592999625
0.5083490369986019
0.7178350773086416
0.5621956692188017
0.39643664848613336
0.5797669263392481
0.46491601022841406
0.6645152939956034
0.5060325851759087
0.6850391459796964
0.6452865377739314
0.6757569145710219
0.7011549020826457
0.4308309855300762
0.5179487722002196
0.579488771425208
0.5330645690089499
0.6832970473690547
0.5386302032706838
0.7862654331539984
0.8829114275048074
0.8095307164994172
0.8998048610971936
0.6631682723606185
0.496469026932206
0.39784937697414985
0.6150574255316605
0.6179788315342555
0.569226553829098
0.5874716430565776
0.5260447964910099
0.6361139601526508
0.4474742982874856
0.6584513432672451
0.5462172828894066
0.6158350954349768
0.6951752733690353
0.6761212256390748
0.6286732923365834
0.6322629270593813
0.4477583928769012
0.3465568674173869
0.5802685993555718
0.5443518245927496
0.7357961734422503
0.4402652467746327
0.7114217997298451
0.5623831720956719
0.679410330635294
0.8573136396499068
0.515528484142379
0.851972289675414
0.6414666790260289
0.43640311642523866
0.49232770702555406
0.5378034537850115
0.7212044620877606
0.6787271354475466
0.6815940117535365
0.6430910463332751
0.529177880124021
0.4962957878250558
0.5932574563907388
0.4792716849687395
0.6745266174935841
0.6013049203985141
0.41301806497242205
0.6073683430674275
0.5546651249920327
0.6160445314956837
0.7162912191997703
0.5223702739845305
0.6098616618026785
0.7371684923455734
0.5726645261952911
0.5275277929285989
0.5141216323303571
0.4465397622381435
0.7197091130520128
0.6897961186222838
0.6314906025833333
0.4908034806481995
0.6145060570901658
0.44142704348870576
0.8603459662276993
0.6917787901315343
0.6012322059714375
0.6021807353800999
0.6360415976552748
0.4601675750208933
0.5117852482575788
0.5280142824320101
0.5584070126647047
0.47455166479097066
0.5110293303366722
0.5224840913385862
0.5865003851597027
0.6758359693820943
0.7158685706234467
0.6220610341883857
0.7377352352119345
0.4178135701739495
0.5316491151554447
0.4881934949127619
0.655629684450434
0.5186638792052626
0.5209382486412873
0.6039888788935945
0.45002728014813365
0.5462995831515369
0.5710095820444399
0.8633848085787573
0.6733013885047789
0.863416686702743
0.6585784751561787
0.7679988369056969
0.7153276868059079
0.5138057392884123
0.5647588025349023
0.4444523885342022
0.711115575391533
0.7043743194395385
0.5612168058177524
0.5238371143469728
0.526132306441917
0.558845174605507
0.4617446393805196
0.9088511543361664
0.8774207453223538
0.7131349811464501
0.3730432832742867
0.6160858400558408
0.4994146048184653
0.7061375558330625
0.6324470575209434
0.6595776181133319
0.6290975037966787
0.5205918481341926
0.5462454636240504
0.6478927305796496
0.4440650001997518
0.5833606164593184
0.5213189088841799
0.5618451047597299
0.6435378640394944
0.6113652817499087
0.6867929193677458
0.4129113278039382
0.3998147224642288
0.6808996262698402
0.5939818223538496
0.6386990946794661
0.48657757141939595
0.6779110585530309
0.5487426549856737
0.7876871584409745
0.5506903924806558
0.5020020320482114
0.5403439438207415
0.7319575114622627
0.4870621150074585
0.45333688968839664
0.6275898206214174
0.7011373408102702
0.5959029031801066
0.4956807352858107
0.5394653008818288
0.4875763531034266
0.693212131217599
0.639595985385301
0.5457736443478004
0.6485182614502926
0.425304633385687
0.5169787138539407
0.5038328815651515
0.5296543179488853
0.4860911738813164
0.7111043458529773
0.7496057761558077
0.6246167193682441
0.6321028749906465
0.4515470564820755
0.542078226598309
0.4624618011414895
0.5271930693660839
0.6582966598873897
0.5595354898901042
0.6766521758331848
0.5075713407179381
0.7654608113915703
0.7343249825327488
0.5951956366856828
0.6245984915868665
0.4418306517188813
0.480690872239699
0.6401774425139785
0.6521327801891446
0.720485397542313
0.5308715523500072
0.777134710046403
0.43504738346897737
0.6234422456399135
0.7292763963278883
0.654741903862442
0.49589496400381206
0.579522995601803
0.56093404852508
0.4694834826400263
0.6754375551332346
0.49661578532457223
0.5530779237472845
0.5353033605804625
0.5060890845616075
0.5174577750905033
0.6570919676657672
0.6665286405707229
0.6037960990223198
0.5908205782727256
0.47421931152376784
0.5206815558383305
0.6595672090450785
0.6137339157534637
0.5385078661073577
0.7173418985053437
0.8348393561220645
0.4455866218782718
0.4379541279755965
0.5067656960571496
0.5112508360890007
0.8850404738157694
0.5496149299049914
0.6562779763279293
0.7706561668048468
0.5321231277067692
0.5473955732161004
0.7407757321041415
0.6227293977927301
0.7020288122845805
0.4960242261454919
0.6155218511852697
0.7018456051291684
0.6378216046250873
0.6020616187630905
0.6374240842770198
0.6931569117250553
0.6093870635689984
0.46297191459880493
0.6669089685522962
0.7009999930531875
0.5681135447779355
0.5772524821393173
0.6322539278761462
0.6168215999572806
0.36696277418208473
0.4916530428402519
0.3886066901472545
0.47441685203018685
0.5588227340155496
0.59333986399258
0.49607047684012895
0.5943473612232909
0.5765386659471565
0.5871651420444549
0.4761531191060101
0.42350042626989726
0.6267636306594385
0.6771370586652393
0.6028060528569487
0.7415126317355936
0.5896395129536406
0.7744894567807844
0.8964753759759155
0.5813498390226784
0.8396733710788192
0.657400125216478
0.560009234251904
0.8807983975522697
0.691235446188306
0.5827153843883311
0.8464477778939715
0.6163573167379531
0.3932316495120854
0.43921942572063
0.7682345006663726
0.580493369200301
0.662301390300569
0.5196245368926844
0.5333666784292608
0.5297077288187695
0.6117788486772565
0.6467879146148564
0.6495363193745259
0.588520030910677
0.6532301202278714
0.5262261478240163
0.5702880690846677
0.6878921947305591
0.7229875723856489
0.6964428342179877
0.6658933494147256
0.38413890978538184
0.4026363933314461
0.6450081469703065
0.7255815559925272
0.7779390809410163
0.6094478469908687
0.8065257849837225
0.6270895915453478
0.6761122141662216
0.6621088279113575
0.6505986409017207
0.7924924431253416
0.5803719098002758
0.6678863077363653
0.7503243679698237
0.5750099872888117
0.5038201370548983
0.769733993701994
0.5309920471721887
0.5707447240573107
0.5633872445879092
0.5456209731337034
0.5714397380099753
0.5742313552099856
0.6349165878069999
0.5064865098358858
0.6653658510161762
0.6409275563639104
0.785300044157822
0.6346569328920553
0.5547926266503795
0.42017591011106253
0.43926940980624307
0.46144305912144246
0.72375442604487
0.6031377509084415
0.7407542484776772
0.6197705066462676
0.5025031432439652
0.605720102039311
0.4465403274842458
0.3591331384509343
0.464288681401991
0.5069065154235637
0.5842403041484333
0.6131039070663418
0.44594961951617923
0.635502838953785
0.6731240899047956
0.7305707905797896
0.6706847035888394
0.6488258904220874
0.5914647207476162
0.5161860323154377
0.5384442829871908
0.36171468871831003
0.3830631881686697
0.5502468758441189
0.4032368449593505
0.5171273998776744
0.5471730007881885
0.5972905014374075
0.6512962165271343
0.6412210006006562
0.4518036521901903
0.603591398483375
0.468439546563389
0.5990207321558457
0.6817783174717963
0.6984510175637266
0.5275929835731981
0.5912541791650185
0.6955462351095171
0.7689621383700429
0.6787354603366526
0.5565373011237903
0.3573428741382527
0.40510997159622353
0.6143580102064037
0.7099285423743639
0.5546143172430573
0.44443947545357193
0.5113041830033013
0.7803473712460813
0.7583729809249614
0.42122216436317195
0.7477782070282417
0.6817974226510882
0.47626964387180304
0.6894648703358991
0.7537803119165797
0.8457542603074665
0.840595964914196
0.6690856902476787
0.6236392576954254
0.4889210261458074
0.6861214412830975
0.5043239370713544
0.5203041248020475
0.7320147250556941
0.49156868932205566
0.5464195666899881
0.555041677526595
0.5724630966892571
0.7544528622033746
0.7029388082874595
0.549105832908722
0.5433461696787245
0.5215036718412233
0.6059401056393492
0.39814489845848744
0.44767911407969585
0.6883030124667525
0.7104909464729333
0.7203855586428204
0.7299933159714379
0.7613139899940902
0.621415477891477
0.503344527356461
0.5382330265800184
0.5018205825195727
0.5880805065731624
0.5101627593122378
0.5858662858478448
0.4418971599467202
0.6841662576900022
0.4281508160707661
0.5177996573485796
0.6074487222807746
0.579187714528218
0.6330653559777251
0.4428161757501198
0.5197926274759752
0.48308784750567024
0.732348502126774
0.6314029917469148
0.6157328089943346
0.4467190461568171
0.45161237936381643
0.6474282538442693
0.5765904838617979
0.7197148223443038
0.40401100932908246
0.5933456043162447
0.6541555313661047
0.7182000177385015
0.6159005496555136
0.478338738908784
0.7003053249170367
0.8120228620081524
0.7300800934560914
0.49641949181084055
0.4589138133247538
0.49572425433330297
0.7303011003334272
0.4795578682139837
0.6702198713829439
0.758036237314921
0.5647133657692692
0.5589640750688747
0.5439824108581729
0.5619787711379897
0.38147013326037493
0.4071319759612516
0.5957156840410854
0.6680071381873017
0.5101995225037426
0.503679343527748
0.6314909650193103
0.5341485579365247
0.5026974533650723
0.6587543271751403
0.654291829228228
0.3972385235860282
0.5523867551453808
0.3390134634282344
0.4907925142064135
0.6760958614137567
0.6760848724024531
0.7243895104193574
0.593356663332217
0.5160402713629858
0.6016639508179273
0.30121327834772393
0.3818341983519291
0.5586505704128109
0.5926609672307348
0.6170850702076641
0.5146128592909566
0.7004664735562279
0.5768555896873514
0.6983053345780449
0.41536728671182965
0.3724910989900723
0.524803126971217
0.5244893970291048
0.5709585869131961
0.678535529873669
0.6321700157182222
0.7449938604684784
0.6552390013714169
0.34381100564446126
0.40599928685899095
0.568838119440761
0.5906499001221748
0.7286687453163476
0.49725326692353095
0.5782460578232629
0.4102390327219835
0.6215115813761235
0.7549114056316588
0.697038074863968
0.5885057976298995
0.5747780820252889
0.6969898579484699
0.6905955736969287
0.43967128987346576
0.3671118384931354
0.3855386495094881
0.5772207188010765
0.6274699352347747
0.6484049908575379
0.4395744381694256
0.5223586388121128
0.5299487600004874
0.7270721233927046
0.7485563720816212
0.7778412806825477
0.5207347577693504
0.6844707676978572
0.4945810910264016
0.6224733950658945
0.7558320887085661
0.8418367788209956
0.5749400457259619
0.7327752291828736
0.7682432550449922
0.5380740985011768
0.511435882867284
0.5384449290810542
0.49581374909772075
0.5615252361396968
0.5247081949249964
0.5054384130119669
0.6753217430777899
0.6547476478457256
0.45932572778166547
0.6694131512533303
0.6471347052133815
0.4248298620039421
0.439608037409362
0.699416688846719
0.7507293553132245
0.7971303540841702
0.6668802361680126
0.5805170798950391
0.6336734452701845
0.4408412040216139
0.4748133406200583
0.6442416965823817
0.6560892634622889
0.4938439368776526
0.5305929380310326
0.44573706283471964
0.6386757126579232
0.5672160980642011
0.7278013626596619
0.7058022479505839
0.5468889887837705
0.5697430047644864
0.6508926653423527
0.49369358983402745
0.48735711023686007
0.45731510261918257
0.7641128317881266
0.5910696599161983
0.5946722496548073
0.5695123259096883
0.6710265713214234
0.43395072120196354
0.6455182507281453
0.6931837497700257
0.6680783924203547
0.5644873715130867
0.5124865323993492
0.5968195238946434
0.7139479555691957
0.48026193243177234
0.7758091949046168
0.7243298633213822
0.5491364405652056
0.4430406553534494
0.5219482230219666
0.763483866437728
0.7205082782033544
0.5033183168316755
0.616328036161688
0.5804217195590111
0.6487994788467364
0.5667231442625091
0.7005663036210261
0.3834395410984345
0.46078822540530645
0.6239470894971191
0.5371034665418698
0.5818861001901379
0.5654499707425962
0.661235344503081
0.45899566635131744
0.5414006620879163
