0.3
0.2
0.25
0.36363636363636365
0.3103448275862069
0.2857142857142857
0.42105263157894735
0.3333333333333333
0.21739130434782608
0.30434782608695654
0.3333333333333333
0.4230769230769231
0.3181818181818182
0.4444444444444444
0.375
0.21428571428571427
0.3333333333333333
0.21428571428571427
0.35
0.18181818181818182
0.2777777777777778
0.3684210526315789
0.14285714285714285
0.29411764705882354
0.35714285714285715
0.35714285714285715
0.3157894736842105
0.5
0.21739130434782608
0.21621621621621623
0.16666666666666666
0.047619047619047616
0.4375
0.4444444444444444
0.2777777777777778
0.14285714285714285
0.2
0.15384615384615385
0.10344827586206896
0.2631578947368421
0.08695652173913043
0.2
0.25806451612903225
0.3333333333333333
0.4117647058823529
0.17647058823529413
0.4
0.3333333333333333
0.36363636363636365
0.42857142857142855
0.2
0.3
0.23809523809523808
0.2631578947368421
