0.3103448275862069
0.2857142857142857
0.25
0.36363636363636365
0.3
0.2
0.35294117647058826
0.3157894736842105
0.5
0.16666666666666666
0.22727272727272727
0.32
0.25
0.2647058823529412
0.30337078651685395
0.3132530120481928
0.42105263157894735
0.3333333333333333
0.4444444444444444
0.28125
0.25
0.32
0.35714285714285715
0.2727272727272727
0.3488372093023256
0.4186046511627907
0.34375
0.325
0.2222222222222222
0.10714285714285714
0.3333333333333333
0.4230769230769231
0.3181818181818182
0.4444444444444444
0.21739130434782608
0.30434782608695654
0.25806451612903225
0.3076923076923077
0.22857142857142856
0.23529411764705882
0.25
0.25
0.13333333333333333
0.19230769230769232
0.375
0.21428571428571427
0.2777777777777778
0.20512820512820512
0.35
0.18181818181818182
0.25806451612903225
0.3333333333333333
0.21621621621621623
0.24
0.3333333333333333
0.21428571428571427
0.19230769230769232
0.35294117647058826
0.14285714285714285
0.29411764705882354
0.2777777777777778
0.3684210526315789
0.22
0.125
0.4
0.2608695652173913
0.3548387096774194
0.24324324324324326
0.23809523809523808
0.27586206896551724
0.3888888888888889
0.2972972972972973
0.35714285714285715
0.35714285714285715
0.16666666666666666
0.047619047619047616
0.4375
0.4444444444444444
0.21739130434782608
0.21621621621621623
0.2727272727272727
0.45161290322580644
0.25
0.2777777777777778
0.30434782608695654
0.34615384615384615
0.3157894736842105
0.5
0.3333333333333333
0.25
0.2
0.15384615384615385
0.29411764705882354
0.3
0.4074074074074074
0.4782608695652174
0.2857142857142857
0.25
0.2777777777777778
0.14285714285714285
0.4117647058823529
0.40384615384615385
0.3076923076923077
0.35
0.2962962962962963
0.35555555555555557
0.34782608695652173
0.35555555555555557
0.16279069767441862
0.2926829268292683
0.16666666666666666
0.14705882352941177
0.29545454545454547
0.26785714285714285
0.4117647058823529
0.17647058823529413
0.08695652173913043
0.2
0.25806451612903225
0.3333333333333333
0.10344827586206896
0.2631578947368421
0.4
0.3333333333333333
0.1875
0.2647058823529412
0.2
0.3
0.36363636363636365
0.42857142857142855
0.23809523809523808
0.2631578947368421
0.4146341463414634
0.3902439024390244
