0.3333333333333333
0.25
0.30434782608695654
0.34615384615384615
0.25
0.2777777777777778
0.2727272727272727
0.45161290322580644
0.16279069767441862
0.2926829268292683
0.34782608695652173
0.35555555555555557
0.2962962962962963
0.35555555555555557
0.3076923076923077
0.35
0.4117647058823529
0.40384615384615385
0.2857142857142857
0.25
0.4074074074074074
0.4782608695652174
0.29411764705882354
0.3
0.29545454545454547
0.26785714285714285
0.16666666666666666
0.14705882352941177
0.4146341463414634
0.3902439024390244
0.1875
0.2647058823529412
0.25
0.32
0.4444444444444444
0.28125
0.30337078651685395
0.3132530120481928
0.25
0.2647058823529412
0.22727272727272727
0.32
0.5
0.16666666666666666
0.35294117647058826
0.3157894736842105
0.25
0.25
0.22857142857142856
0.23529411764705882
0.25806451612903225
0.3076923076923077
0.2222222222222222
0.10714285714285714
0.34375
0.325
0.3488372093023256
0.4186046511627907
0.35714285714285715
0.2727272727272727
0.19230769230769232
0.35294117647058826
0.21621621621621623
0.24
0.25806451612903225
0.3333333333333333
0.2777777777777778
0.20512820512820512
0.13333333333333333
0.19230769230769232
0.3888888888888889
0.2972972972972973
0.23809523809523808
0.27586206896551724
0.3548387096774194
0.24324324324324326
0.4
0.2608695652173913
0.22
0.125
