0.26666666666666666
0.2727272727272727
0.16666666666666666
0.21052631578947367
0.4117647058823529
0.40384615384615385
0.4074074074074074
0.4782608695652174
0.3
0.30434782608695654
0.29411764705882354
0.3
0.5365853658536586
0.5116279069767442
0.36363636363636365
0.2962962962962963
0.4146341463414634
0.3902439024390244
0.3333333333333333
0.24
0.32
0.25
0.3305785123966942
0.32558139534883723
0.3333333333333333
0.2608695652173913
0.5945945945945946
0.5945945945945946
0.22580645161290322
0.22727272727272727
0.2727272727272727
0.2727272727272727
