0.17391304347826086
0.16279069767441862
0.21739130434782608
0.24390243902439024
0.19148936170212766
0.23880597014925373
0.19642857142857142
0.208955223880597
0.3235294117647059
0.15966386554621848
0.10843373493975904
0.15384615384615385
0.17105263157894737
0.18604651162790697
0.23979591836734693
0.22279792746113988
0.14444444444444443
0.19298245614035087
0.3191489361702128
0.15151515151515152
0.176
0.18095238095238095
0.24528301886792453
0.17117117117117117
0.2469879518072289
0.2032520325203252
0.21875
0.1661631419939577
0.12987012987012986
0.1282051282051282
0.2037037037037037
0.25
0.20454545454545456
0.24528301886792453
0.1935483870967742
0.1513157894736842
0.15833333333333333
0.09467455621301775
0.17687074829931973
0.1836734693877551
0.23711340206185566
0.1452991452991453
0.13513513513513514
0.125
0.22448979591836735
0.125
0.18181818181818182
0.12686567164179105
0.14942528735632185
0.15950920245398773
0.2
0.18518518518518517
0.15352697095435686
0.14705882352941177
0.16806722689075632
0.18181818181818182
0.16666666666666666
0.1402439024390244
0.15384615384615385
0.21212121212121213
0.13725490196078433
0.2413793103448276
0.09583333333333334
0.11627906976744186
0.21666666666666667
0.19117647058823528
0.2631578947368421
0.17391304347826086
0.21518987341772153
0.12371134020618557
0.3076923076923077
0.15126050420168066
0.13157894736842105
0.14285714285714285
0.18032786885245902
0.16901408450704225
0.25
0.2
0.15555555555555556
0.13186813186813187
0.18232044198895028
0.18110236220472442
0.18181818181818182
0.2116788321167883
0.2641509433962264
0.17692307692307693
0.18518518518518517
0.23157894736842105
0.18840579710144928
0.1834862385321101
0.1076923076923077
0.15625
0.20833333333333334
0.1958762886597938
0.27710843373493976
0.2619047619047619
0.30434782608695654
0.2978723404255319
0.19117647058823528
0.12422360248447205
0.25510204081632654
0.2647058823529412
0.25862068965517243
0.3142857142857143
0.1673469387755102
0.29292929292929293
0.18421052631578946
0.18877551020408162
0.14124293785310735
0.18867924528301888
0.17857142857142858
0.2127659574468085
0.20588235294117646
0.19161676646706588
0.1889763779527559
0.16666666666666666
0.12962962962962962
0.16393442622950818
0.2
0.18518518518518517
0.10679611650485436
0.1366906474820144
0.21568627450980393
0.22448979591836735
0.18604651162790697
0.1794871794871795
0.14606741573033707
0.1744186046511628
0.28125
0.16
0.16346153846153846
0.17543859649122806
0.2524271844660194
0.24509803921568626
