0.19148936170212766
0.23880597014925373
0.21739130434782608
0.24390243902439024
0.17391304347826086
0.16279069767441862
0.14444444444444443
0.19298245614035087
0.1935483870967742
0.1513157894736842
0.2037037037037037
0.25
0.20454545454545456
0.24528301886792453
0.22448979591836735
0.125
0.16806722689075632
0.18181818181818182
0.14942528735632185
0.15950920245398773
0.13725490196078433
0.2413793103448276
0.15384615384615385
0.21212121212121213
0.13157894736842105
0.14285714285714285
0.18518518518518517
0.23157894736842105
0.15555555555555556
0.13186813186813187
0.18032786885245902
0.16901408450704225
0.25
0.2
0.19117647058823528
0.12422360248447205
0.1076923076923077
0.15625
0.10679611650485436
0.1366906474820144
0.12962962962962962
0.16393442622950818
0.2
0.18518518518518517
0.1889763779527559
0.16666666666666666
0.21568627450980393
0.22448979591836735
0.28125
0.16
0.14606741573033707
0.1744186046511628
0.16346153846153846
0.17543859649122806
