0.168141592920354
0.21212121212121213
0.08943089430894309
0.0967741935483871
0.25510204081632654
0.2647058823529412
0.27710843373493976
0.2619047619047619
0.1836734693877551
0.19473684210526315
0.20833333333333334
0.1958762886597938
0.24822695035460993
0.2553191489361702
0.17391304347826086
0.2116788321167883
0.2524271844660194
0.24509803921568626
0.17475728155339806
0.1746031746031746
0.18095238095238095
0.176
0.2206405693950178
0.21031746031746032
0.2727272727272727
0.25301204819277107
0.4540229885057471
0.45454545454545453
0.18571428571428572
0.23404255319148937
0.20567375886524822
0.20567375886524822
