0.14925373134328357
0.2
0.30939226519337015
0.5020408163265306
0.1896551724137931
0.19318181818181818
0.17543859649122806
0.17647058823529413
0.2923076923076923
0.10084033613445378
0.1951219512195122
0.171875
0.17105263157894737
0.12442396313364056
0.21052631578947367
0.19402985074626866
0.18032786885245902
0.16901408450704225
0.24528301886792453
0.17117117117117117
0.14705882352941177
0.13846153846153847
0.2553191489361702
0.16666666666666666
0.24242424242424243
0.25
0.18181818181818182
0.15555555555555556
