0.5074626865671642
0.24210526315789474
0.4972375690607735
0.3877551020408163
0.6724137931034483
0.3352272727272727
0.47368421052631576
0.29411764705882354
0.47692307692307695
0.2689075630252101
0.5121951219512195
0.2890625
0.39473684210526316
0.1382488479262673
0.2982456140350877
0.29850746268656714
0.29508196721311475
0.29577464788732394
0.5283018867924528
0.1981981981981982
0.3588235294117647
0.18205128205128204
0.3191489361702128
0.23809523809523808
0.37373737373737376
0.19791666666666666
0.22377622377622378
0.2074074074074074
