0.26548672566371684
0.2222222222222222
0.14634146341463414
0.1532258064516129
0.5204081632653061
0.5098039215686274
0.3253012048192771
0.27380952380952384
0.40816326530612246
0.12105263157894737
0.265625
0.25773195876288657
0.2907801418439716
0.3049645390070922
0.3188405797101449
0.19708029197080293
0.39805825242718446
0.4019607843137255
0.17475728155339806
0.1984126984126984
0.23809523809523808
0.224
0.4306049822064057
0.5119047619047619
0.45454545454545453
0.27710843373493976
0.21264367816091953
0.21022727272727273
0.44285714285714284
0.23404255319148937
0.46808510638297873
0.46808510638297873
