0.2127659574468085
0.14925373134328357
0.2608695652173913
0.2682926829268293
0.42028985507246375
0.16279069767441862
0.2111111111111111
0.2631578947368421
0.3709677419354839
0.1513157894736842
0.4444444444444444
0.2826086956521739
0.5
0.33962264150943394
0.32653061224489793
0.19444444444444445
0.2773109243697479
0.3181818181818182
0.22988505747126436
0.06748466257668712
0.35294117647058826
0.21839080459770116
0.20192307692307693
0.12878787878787878
0.18421052631578946
0.18181818181818182
0.06397306397306397
0.14736842105263157
0.25555555555555554
0.4065934065934066
0.29508196721311475
0.29577464788732394
0.4444444444444444
0.21176470588235294
0.2647058823529412
0.13043478260869565
0.23076923076923078
0.1015625
0.2815533980582524
0.2733812949640288
0.21296296296296297
0.08196721311475409
0.36470588235294116
0.15873015873015872
0.13385826771653545
0.25757575757575757
0.19607843137254902
0.1836734693877551
0.34375
0.28
0.11235955056179775
0.23255813953488372
0.20192307692307693
0.16666666666666666
