0.42028985507246375
0.16279069767441862
0.2608695652173913
0.2682926829268293
0.2127659574468085
0.14925373134328357
0.30357142857142855
0.2835820895522388
0.5
0.25210084033613445
0.26506024096385544
0.38461538461538464
0.3684210526315789
0.26356589147286824
0.45408163265306123
0.43005181347150256
0.2111111111111111
0.2631578947368421
0.3829787234042553
0.24242424242424243
0.224
0.23809523809523808
0.5283018867924528
0.1981981981981982
0.25903614457831325
0.34959349593495936
0.25
0.12084592145015106
0.23376623376623376
0.23931623931623933
0.4444444444444444
0.2826086956521739
0.5
0.33962264150943394
0.3709677419354839
0.1513157894736842
0.25833333333333336
0.07692307692307693
0.23809523809523808
0.3469387755102041
0.20618556701030927
0.27350427350427353
0.40540540540540543
0.2708333333333333
0.32653061224489793
0.19444444444444445
0.36363636363636365
0.291044776119403
0.22988505747126436
0.06748466257668712
0.36470588235294116
0.15873015873015872
0.15352697095435686
0.36764705882352944
0.2773109243697479
0.3181818181818182
0.28888888888888886
0.10365853658536585
0.20192307692307693
0.12878787878787878
0.35294117647058826
0.21839080459770116
0.20833333333333334
0.46511627906976744
0.3333333333333333
0.3382352941176471
0.40789473684210525
0.3217391304347826
0.26582278481012656
0.29896907216494845
0.6923076923076923
0.31092436974789917
0.18421052631578946
0.18181818181818182
0.29508196721311475
0.29577464788732394
0.4444444444444444
0.21176470588235294
0.25555555555555554
0.4065934065934066
0.12154696132596685
0.2440944881889764
0.2828282828282828
0.26277372262773724
0.4339622641509434
0.2
0.06397306397306397
0.14736842105263157
0.391304347826087
0.29357798165137616
0.23076923076923078
0.1015625
0.265625
0.25773195876288657
0.3253012048192771
0.27380952380952384
0.30434782608695654
0.3404255319148936
0.2647058823529412
0.13043478260869565
0.5204081632653061
0.5098039215686274
0.22413793103448276
0.5714285714285714
0.22040816326530613
0.45454545454545453
0.24210526315789474
0.22959183673469388
0.24293785310734464
0.3867924528301887
0.2857142857142857
0.3617021276595745
0.43137254901960786
0.33532934131736525
0.13385826771653545
0.25757575757575757
0.21296296296296297
0.08196721311475409
0.36470588235294116
0.15873015873015872
0.2815533980582524
0.2733812949640288
0.19607843137254902
0.1836734693877551
0.37209302325581395
0.2905982905982906
0.11235955056179775
0.23255813953488372
0.34375
0.28
0.20192307692307693
0.16666666666666666
0.39805825242718446
0.4019607843137255
