0.391304347826087
0.29357798165137616
0.4339622641509434
0.2
0.2828282828282828
0.26277372262773724
0.12154696132596685
0.2440944881889764
0.24293785310734464
0.3867924528301887
0.24210526315789474
0.22959183673469388
0.22040816326530613
0.45454545454545453
0.22413793103448276
0.5714285714285714
0.5204081632653061
0.5098039215686274
0.30434782608695654
0.3404255319148936
0.3253012048192771
0.27380952380952384
0.265625
0.25773195876288657
0.43137254901960786
0.33532934131736525
0.2857142857142857
0.3617021276595745
0.39805825242718446
0.4019607843137255
0.37209302325581395
0.2905982905982906
0.224
0.23809523809523808
0.3829787234042553
0.24242424242424243
0.45408163265306123
0.43005181347150256
0.3684210526315789
0.26356589147286824
0.26506024096385544
0.38461538461538464
0.5
0.25210084033613445
0.30357142857142855
0.2835820895522388
0.20618556701030927
0.27350427350427353
0.23809523809523808
0.3469387755102041
0.25833333333333336
0.07692307692307693
0.23376623376623376
0.23931623931623933
0.25
0.12084592145015106
0.25903614457831325
0.34959349593495936
0.5283018867924528
0.1981981981981982
0.28888888888888886
0.10365853658536585
0.15352697095435686
0.36764705882352944
0.36470588235294116
0.15873015873015872
0.36363636363636365
0.291044776119403
0.40540540540540543
0.2708333333333333
0.6923076923076923
0.31092436974789917
0.26582278481012656
0.29896907216494845
0.40789473684210525
0.3217391304347826
0.3333333333333333
0.3382352941176471
0.20833333333333334
0.46511627906976744
