0.25
0.4
0.08333333333333333
0.2727272727272727
0.13793103448275862
0.2857142857142857
0.15789473684210525
0.26666666666666666
0.30434782608695654
0.17391304347826086
0.2916666666666667
0.19230769230769232
0.18181818181818182
0.16666666666666666
0.0
0.14285714285714285
0.30303030303030304
0.07142857142857142
0.15
0.36363636363636365
0.3333333333333333
0.3684210526315789
0.23809523809523808
0.058823529411764705
0.35714285714285715
0.35714285714285715
0.3157894736842105
0.2857142857142857
0.30434782608695654
0.2702702702702703
0.16666666666666666
0.19047619047619047
0.25
0.16666666666666666
0.5
0.38095238095238093
0.2
0.3076923076923077
0.2413793103448276
0.23684210526315788
0.21739130434782608
0.1
0.2903225806451613
0.1
0.35294117647058826
0.23529411764705882
0.2
0.3888888888888889
0.09090909090909091
0.14285714285714285
0.1
0.3
0.47619047619047616
0.3157894736842105
