0.2222222222222222
0.28125
0.21739130434782608
0.19230769230769232
0.21428571428571427
0.16666666666666666
0.22727272727272727
0.22580645161290322
0.3023255813953488
0.3170731707317073
0.21739130434782608
0.2
0.3333333333333333
0.17777777777777778
0.3076923076923077
0.1
0.17647058823529413
0.17307692307692307
0.2857142857142857
0.3125
0.18518518518518517
0.21739130434782608
0.3137254901960784
0.3
0.3181818181818182
0.35714285714285715
0.2916666666666667
0.17647058823529413
0.14634146341463414
0.14634146341463414
0.0625
0.17647058823529413
0.25
0.2
0.1111111111111111
0.34375
0.25842696629213485
0.1566265060240964
0.21428571428571427
0.29411764705882354
0.45454545454545453
0.28
0.23529411764705882
0.26666666666666666
0.11764705882352941
0.21052631578947367
0.15
0.28125
0.3142857142857143
0.17647058823529413
0.25806451612903225
0.07692307692307693
0.2222222222222222
0.25
0.125
0.2
0.20930232558139536
0.13953488372093023
0.25
0.13636363636363635
0.3076923076923077
0.20588235294117646
0.1891891891891892
0.24
0.2903225806451613
0.1
0.25
0.3333333333333333
0.26666666666666666
0.34615384615384615
0.0
0.2702702702702703
0.2857142857142857
0.2413793103448276
0.25806451612903225
0.3783783783783784
0.1
0.30434782608695654
0.28
0.375
