0.21739130434782608
0.22018348623853212
0.2830188679245283
0.26153846153846155
0.1717171717171717
0.17518248175182483
0.23204419889502761
0.3700787401574803
0.22598870056497175
0.4716981132075472
0.3263157894736842
0.32142857142857145
0.2612244897959184
0.1919191919191919
0.3879310344827586
0.2
0.15306122448979592
0.1568627450980392
0.17391304347826086
0.1702127659574468
0.21686746987951808
0.23809523809523808
0.265625
0.25773195876288657
0.24509803921568626
0.41317365269461076
0.2857142857142857
0.20212765957446807
0.18446601941747573
0.18627450980392157
0.11627906976744186
0.2564102564102564
0.208
0.24761904761904763
0.1276595744680851
0.4621212121212121
0.25
0.22279792746113988
0.25
0.21705426356589147
0.21686746987951808
0.3076923076923077
0.23529411764705882
0.2857142857142857
0.26785714285714285
0.29850746268656714
0.16494845360824742
0.42735042735042733
0.2925170068027211
0.21428571428571427
0.43333333333333335
0.28402366863905326
0.2857142857142857
0.358974358974359
0.203125
0.22054380664652568
0.1566265060240964
0.14634146341463414
0.22641509433962265
0.2747747747747748
0.24444444444444444
0.36890243902439024
0.2946058091286307
0.25
0.2823529411764706
0.2328042328042328
0.3333333333333333
0.23880597014925373
0.35135135135135137
0.4479166666666667
0.038461538461538464
0.42857142857142855
0.31645569620253167
0.29896907216494845
0.3157894736842105
0.34782608695652173
0.26666666666666666
0.29411764705882354
0.2875
0.3953488372093023
