0.16666666666666666
0.2727272727272727
0.3333333333333333
0.3157894736842105
0.17647058823529413
0.17307692307692307
0.18518518518518517
0.21739130434782608
0.3
0.13043478260869565
0.3137254901960784
0.3
0.14634146341463414
0.16279069767441862
0.18181818181818182
0.25925925925925924
0.14634146341463414
0.14634146341463414
0.2222222222222222
0.28
0.2
0.25
0.23140495867768596
0.18604651162790697
0.13333333333333333
0.30434782608695654
0.10810810810810811
0.10810810810810811
0.25806451612903225
0.22727272727272727
0.15151515151515152
0.15151515151515152
