0.24468085106382978
0.23880597014925373
0.1956521739130435
0.2682926829268293
0.18840579710144928
0.26744186046511625
0.26666666666666666
0.22807017543859648
0.22580645161290322
0.16447368421052633
0.3333333333333333
0.2608695652173913
0.22727272727272727
0.22641509433962265
0.14285714285714285
0.2222222222222222
0.42857142857142855
0.11363636363636363
0.26436781609195403
0.2607361963190184
0.3137254901960784
0.2988505747126437
0.25961538461538464
0.15151515151515152
0.2631578947368421
0.2597402597402597
0.2222222222222222
0.22105263157894736
0.29444444444444445
0.27472527472527475
0.4262295081967213
0.2535211267605634
0.16666666666666666
0.2823529411764706
0.3088235294117647
0.2484472049689441
0.16923076923076924
0.2421875
0.2524271844660194
0.2733812949640288
0.2037037037037037
0.19672131147540983
0.2823529411764706
0.2328042328042328
0.29133858267716534
0.3484848484848485
0.21568627450980393
0.20408163265306123
0.15625
0.28
0.2808988764044944
0.1744186046511628
0.27884615384615385
0.2807017543859649
