0.2831858407079646
0.1919191919191919
0.3333333333333333
0.33064516129032256
0.15306122448979592
0.1568627450980392
0.21686746987951808
0.23809523809523808
0.22448979591836735
0.2578947368421053
0.265625
0.25773195876288657
0.2127659574468085
0.2127659574468085
0.2028985507246377
0.23357664233576642
0.18446601941747573
0.18627450980392157
0.24271844660194175
0.19047619047619047
0.24761904761904763
0.208
0.20640569395017794
0.17063492063492064
0.21212121212121213
0.24096385542168675
0.1781609195402299
0.16477272727272727
0.2714285714285714
0.14893617021276595
0.15602836879432624
0.15602836879432624
